Potato6
306
0.000000 0.000000 0.000000 0.000030 0.000000 0.000000 -0.000000 0.000000  
0.010141 0.053690 5.294118 0.000575 0.000544 -0.000000 -0.000000 -0.000179  
0.020133 0.151374 9.776385 0.002087 0.002057 -0.000000 -0.000001 -0.000666  
0.030024 0.250787 10.051048 0.004568 0.004537 -0.000000 -0.000003 -0.001472  
0.040040 0.350323 9.937346 0.008077 0.008046 -0.000000 -0.000011 -0.002608  
0.050046 0.450435 10.005131 0.012584 0.012554 -0.000000 -0.000026 -0.004057  
0.060047 0.550468 10.002708 0.018089 0.018059 -0.000000 -0.000053 -0.005823  
0.070001 0.650240 10.023469 0.024561 0.024531 -0.000001 -0.000097 -0.007885  
0.080001 0.750007 9.977119 0.032061 0.032031 -0.000002 -0.000165 -0.010260  
0.090030 0.850151 9.985217 0.040587 0.040557 -0.000004 -0.000264 -0.012951  
0.100018 0.950238 10.020427 0.050079 0.050048 -0.000007 -0.000401 -0.015925  
0.110003 1.050103 10.001796 0.060564 0.060533 -0.000012 -0.000585 -0.019183  
0.120008 1.150053 9.989624 0.072070 0.072040 -0.000020 -0.000827 -0.022736  
0.130004 1.250059 10.004671 0.084566 0.084536 -0.000032 -0.001135 -0.026570  
0.140012 1.350077 9.994128 0.098077 0.098047 -0.000050 -0.001522 -0.030700  
0.150006 1.450083 10.006793 0.112569 0.112539 -0.000075 -0.001999 -0.035103  
0.160004 1.550043 9.997758 0.128066 0.128036 -0.000111 -0.002579 -0.039795  
0.170002 1.650023 10.000059 0.144563 0.144533 -0.000159 -0.003277 -0.044774  
0.180012 1.750063 9.993882 0.162082 0.162051 -0.000224 -0.004107 -0.050059  
0.190011 1.850109 10.005169 0.180582 0.180551 -0.000308 -0.005085 -0.055643  
0.200011 1.950106 9.999615 0.200083 0.200052 -0.000418 -0.006228 -0.061547  
0.210006 2.050077 10.002681 0.220572 0.220541 -0.000559 -0.007553 -0.067785  
0.220002 2.150030 9.998879 0.242065 0.242033 -0.000738 -0.009081 -0.074378  
0.230006 2.250029 9.996279 0.264573 0.264541 -0.000962 -0.010833 -0.081365  
0.240008 2.350054 10.000804 0.288078 0.288044 -0.001239 -0.012832 -0.088767  
0.250010 2.450076 9.999250 0.312586 0.312549 -0.001581 -0.015104 -0.096617  
0.260005 2.550059 10.004152 0.338072 0.338032 -0.001998 -0.017672 -0.104969  
0.270002 2.650016 9.998141 0.364565 0.364521 -0.002504 -0.020570 -0.113887  
0.280002 2.749999 9.998925 0.392063 0.392012 -0.003114 -0.023831 -0.123418  
0.290010 2.850034 9.995411 0.420587 0.420527 -0.003845 -0.027496 -0.133665  
0.300003 2.950037 10.007380 0.450066 0.449994 -0.004715 -0.031596 -0.144697  
0.310004 3.050004 9.995696 0.480569 0.480479 -0.005747 -0.036188 -0.156653  
0.320005 3.150011 9.999754 0.512073 0.511959 -0.006966 -0.041323 -0.169654  
0.330005 3.250016 10.000026 0.544574 0.544430 -0.008399 -0.047060 -0.183862  
0.340002 3.350002 10.001329 0.578065 0.577879 -0.010079 -0.053468 -0.199471  
0.350007 3.450008 9.995983 0.612581 0.612339 -0.012043 -0.060636 -0.216740  
0.360004 3.550012 10.003732 0.648069 0.647754 -0.014331 -0.068647 -0.235927  
0.370004 3.649994 9.997686 0.684571 0.684159 -0.016991 -0.077622 -0.257423  
0.380002 3.749985 10.000866 0.722064 0.721525 -0.020076 -0.087686 -0.281642  
0.390002 3.849971 9.998887 0.760563 0.759858 -0.023651 -0.099001 -0.309177  
0.400003 3.949970 9.999178 0.800065 0.799144 -0.027786 -0.111755 -0.340720  
0.410005 4.049982 9.998687 0.840576 0.839371 -0.032567 -0.126180 -0.377186  
0.420003 4.107409 5.744117 0.881640 0.880071 -0.038026 -0.142369 -0.419267  
0.430006 4.019478 -8.790691 0.921845 0.919826 -0.044029 -0.159953 -0.466471  
0.440005 3.919469 -10.001648 0.961037 0.958468 -0.050571 -0.178978 -0.519452  
0.450003 3.819481 -10.000127 0.999227 0.995993 -0.057666 -0.199563 -0.579115  
0.460000 3.719507 -10.000860 1.036409 1.032378 -0.065324 -0.221829 -0.646522  
0.470006 3.619499 -9.995343 1.072624 1.067642 -0.073564 -0.245941 -0.722931  
0.480004 3.519480 -10.003023 1.107815 1.101711 -0.082378 -0.272008 -0.809659  
0.490006 3.419482 -9.998610 1.142013 1.134593 -0.091777 -0.300210 -0.908371  
0.500003 3.319493 -10.001501 1.175200 1.166244 -0.101752 -0.330691 -1.020862  
0.510005 3.219501 -9.997634 1.207400 1.196666 -0.112303 -0.363645 -1.149272  
0.520004 3.119501 -10.000731 1.238593 1.225813 -0.123410 -0.399218 -1.295880  
0.530003 3.019513 -9.999566 1.268786 1.253670 -0.135054 -0.437579 -1.463207  
0.540002 2.919524 -9.999582 1.297979 1.280213 -0.147205 -0.478876 -1.654073  
0.550003 2.819949 -9.956633 1.326181 1.305430 -0.159829 -0.523246 -1.871348  
0.560004 2.727072 -9.286817 1.353454 1.329361 -0.172909 -0.570900 -2.118635  
0.570002 2.645679 -8.140780 1.379906 1.352083 -0.186451 -0.622143 -2.400181  
0.580005 2.575728 -6.993470 1.405669 1.373691 -0.200478 -0.677373 -2.721281  
0.590005 2.517154 -5.857052 1.430842 1.394250 -0.215003 -0.736972 -3.087478  
0.600002 2.470020 -4.714803 1.455535 1.413828 -0.230048 -0.801387 -3.505023  
0.610002 2.434485 -3.553543 1.479880 1.432508 -0.245657 -0.871183 -3.981205  
0.620003 2.410870 -2.361203 1.503991 1.450356 -0.261866 -0.946934 -4.522940  
0.630005 2.399713 -1.115500 1.527993 1.467436 -0.278728 -1.029290 -5.137609  
0.640004 2.401807 0.209422 1.552007 1.483806 -0.296295 -1.118915 -5.830341  
0.650003 2.418305 1.649936 1.576188 1.499541 -0.314654 -1.216609 -6.605023  
0.660004 2.450900 3.258982 1.600701 1.514714 -0.333905 -1.323176 -7.459165  
0.670004 2.502073 5.117624 1.625720 1.529393 -0.354163 -1.439323 -8.379108  
0.680000 2.575546 7.350025 1.651466 1.543665 -0.375590 -1.565677 -9.333142  
0.690002 2.670994 9.543164 1.678181 1.557615 -0.398370 -1.702391 -10.255898  
0.700000 2.770996 10.001978 1.705886 1.571219 -0.422504 -1.847379 -11.022996  
0.710002 2.871001 9.998019 1.734603 1.584476 -0.447977 -1.996807 -11.446904  
0.720003 2.971018 10.001038 1.764315 1.597396 -0.474732 -2.144409 -11.278706  
0.730003 3.071020 10.000667 1.795024 1.610036 -0.502717 -2.281529 -10.248174  
0.740003 3.171019 9.999673 1.826735 1.622491 -0.531880 -2.397258 -8.143197  
0.750003 3.271021 10.000129 1.859445 1.634888 -0.562150 -2.479375 -4.933428  
0.760003 3.371022 10.000003 1.893156 1.647399 -0.593453 -2.516331 -0.887064  
0.770002 3.407783 3.676439 1.927231 1.659998 -0.625113 -2.500582 3.346537  
0.780000 3.311990 -9.581272 1.960344 1.672416 -0.655809 -2.435742 6.950179  
0.790002 3.211992 -9.998225 1.992469 1.684830 -0.685438 -2.332309 9.521445  
0.800001 3.111988 -10.001082 2.023586 1.697379 -0.713913 -2.202554 10.975679  
0.810003 3.011984 -9.998741 2.053711 1.710177 -0.741183 -2.058049 11.465149  
0.820002 2.911980 -10.000956 2.082829 1.723288 -0.767182 -1.908521 11.252171  
0.830001 2.811989 -10.000115 2.110947 1.736746 -0.791867 -1.761134 10.599238  
0.840003 2.711986 -9.998415 2.138071 1.750559 -0.815209 -1.620650 9.722186  
0.850004 2.612883 -9.909789 2.164202 1.764697 -0.837182 -1.489933 8.770130  
0.860003 2.529172 -8.371171 2.189493 1.779199 -0.857901 -1.369645 7.830734  
0.870005 2.469388 -5.977749 2.214189 1.794159 -0.877549 -1.259235 6.947131  
0.880001 2.429536 -3.986715 2.238476 1.809647 -0.896253 -1.158036 6.139270  
0.890000 2.406677 -2.286033 2.262541 1.825748 -0.914135 -1.065188 5.412888  
0.900004 2.398835 -0.783969 2.286539 1.842533 -0.931284 -0.979909 4.766498  
0.910005 2.404669 0.583328 2.310589 1.860056 -0.947754 -0.901532 4.195696  
0.920002 2.423245 1.858200 2.334814 1.878379 -0.963598 -0.829392 3.693605  
0.930002 2.453934 3.068934 2.359353 1.897582 -0.978873 -0.762823 3.252739  
0.940006 2.496349 4.240022 2.384325 1.917736 -0.993614 -0.701282 2.866043  
0.950004 2.550237 5.389990 2.409822 1.938895 -1.007837 -0.644333 2.527303  
0.960001 2.615494 6.527461 2.435970 1.961142 -1.021572 -0.591515 2.230189  
0.970004 2.692174 7.665722 2.462899 1.984572 -1.034845 -0.542413 1.969290  
0.980003 2.780392 8.822382 2.490701 2.009246 -1.047653 -0.496737 1.740202  
0.990003 2.878375 9.798442 2.519485 2.035243 -1.060003 -0.454194 1.538840  
1.000001 2.978365 10.001380 2.549261 2.062556 -1.071858 -0.414650 1.362166  
1.010003 3.078368 9.997948 2.580052 2.091183 -1.083192 -0.377940 1.207314  
1.020002 3.178378 10.001678 2.611834 2.121078 -1.093973 -0.343934 1.071708  
1.030005 3.278390 9.998630 2.644626 2.152237 -1.104189 -0.312447 0.952882  
1.040003 3.378392 10.002544 2.678402 2.184608 -1.113823 -0.283334 0.848750  
1.050002 3.478378 9.999406 2.713183 2.218188 -1.122877 -0.256411 0.757320  
1.060001 3.578370 10.000158 2.748963 2.252949 -1.131350 -0.231523 0.676853  
1.070002 3.678371 9.999091 2.785751 2.288877 -1.139248 -0.208513 0.605904  
1.080005 3.778392 9.998850 2.823547 2.325955 -1.146577 -0.187241 0.543153  
1.090004 3.878404 10.002143 2.862328 2.364139 -1.153345 -0.167590 0.487526  
1.100002 3.978390 10.000426 2.902104 2.403425 -1.159566 -0.149432 0.438068  
1.110002 4.078378 9.999209 2.942886 2.443807 -1.165256 -0.132655 0.393884  
1.120004 4.178388 9.998429 2.984681 2.485279 -1.170431 -0.117159 0.354299  
1.130005 4.278403 10.000879 3.027468 2.527809 -1.175105 -0.102865 0.318688  
1.140004 4.378398 10.000845 3.071246 2.571385 -1.179295 -0.089693 0.286518  
1.150005 4.478399 9.998281 3.116038 2.616021 -1.183023 -0.077569 0.257318  
1.160003 4.578396 10.001709 3.161812 2.661677 -1.186306 -0.066441 0.230661  
1.170001 4.678373 9.999745 3.208587 2.708363 -1.189166 -0.056253 0.206218  
1.180003 4.778368 9.998096 3.256377 2.756089 -1.191625 -0.046960 0.183628  
1.190004 4.878380 9.999612 3.305169 2.804836 -1.193704 -0.038528 0.162626  
1.200002 4.978375 10.001462 3.354943 2.854579 -1.195428 -0.030934 0.142962  
1.210004 5.078368 9.998076 3.405732 2.905350 -1.196823 -0.024154 0.124354  
1.220003 5.146150 6.778616 3.457191 2.956796 -1.197909 -0.018216 0.106691  
1.230002 5.064847 -8.131152 3.507834 3.007433 -1.198702 -0.013235 0.090206  
1.240002 4.964847 -10.000070 3.557482 3.057078 -1.199254 -0.009145 0.074648  
1.250004 4.864830 -9.999347 3.606142 3.105736 -1.199617 -0.005875 0.059805  
1.260001 4.764832 -10.003629 3.653772 3.153365 -1.199834 -0.003370 0.045413  
1.270003 4.664835 -9.997427 3.700431 3.200024 -1.199947 -0.001581 0.031289  
1.280000 4.564831 -10.002955 3.746068 3.245660 -1.199991 -0.000472 0.017262  
1.290003 4.464827 -9.997864 3.790727 3.290320 -1.200000 -0.000015 0.003131  
1.300002 4.364297 -10.053812 3.834367 3.333965 -1.200008 -0.000684 -0.040051  
1.310001 4.264828 -9.948082 3.877010 3.376608 -1.200088 -0.003441 -0.089077  
1.320004 4.164810 -9.998156 3.918674 3.418271 -1.200323 -0.008146 -0.136842  
1.330003 4.064793 -10.003093 3.959316 3.458911 -1.200780 -0.014668 -0.184389  
1.340001 3.964804 -10.000525 3.998957 3.498546 -1.201518 -0.022928 -0.232780  
1.350001 3.864808 -9.999567 4.037606 3.537179 -1.202590 -0.032881 -0.283035  
1.360001 3.764806 -10.000565 4.075252 3.574798 -1.204039 -0.044513 -0.336123  
1.370006 3.664779 -9.997371 4.111919 3.611418 -1.205907 -0.057846 -0.393028  
1.380006 3.564750 -10.002844 4.147567 3.646990 -1.208226 -0.072904 -0.454793  
1.390005 3.464757 -10.001123 4.182208 3.681518 -1.211027 -0.089755 -0.522697  
1.400006 3.364758 -9.998497 4.215861 3.715007 -1.214339 -0.108495 -0.598196  
1.410004 3.264760 -10.001612 4.248503 3.747421 -1.218184 -0.129224 -0.682912  
1.420001 3.164783 -10.000619 4.280141 3.778752 -1.222583 -0.152084 -0.778881  
1.430001 3.064801 -9.998686 4.310788 3.808993 -1.227554 -0.177249 -0.888547  
1.440002 2.964798 -9.999108 4.340439 3.838119 -1.233110 -0.204913 -1.014855  
1.450006 2.864773 -9.998435 4.369098 3.866110 -1.239262 -0.235307 -1.161481  
1.460003 2.764771 -10.003412 4.396737 3.892913 -1.246005 -0.268657 -1.332765  
1.470006 2.664775 -9.996665 4.423393 3.918536 -1.253347 -0.305306 -1.534766  
1.480004 2.564773 -10.002172 4.449036 3.942923 -1.261271 -0.345543 -1.774004  
1.490003 2.464790 -9.998973 4.473682 3.966059 -1.269764 -0.389764 -2.059678  
1.500007 2.364777 -9.997261 4.497339 3.987920 -1.278802 -0.438394 -2.403025  
1.510002 2.264790 -10.004375 4.519974 4.008448 -1.288335 -0.491799 -2.817464  
1.520004 2.165069 -9.969595 4.541630 4.027658 -1.298331 -0.550549 -3.321300  
1.530004 2.070893 -9.417351 4.562340 4.045556 -1.308746 -0.615259 -3.937923  
1.540006 1.987240 -8.364211 4.582215 4.062218 -1.319577 -0.686931 -4.701224  
1.550003 1.913959 -7.329876 4.601350 4.077704 -1.330814 -0.766767 -5.657239  
1.560001 1.850716 -6.325884 4.619852 4.092080 -1.342459 -0.856358 -6.871493  
1.570002 1.797217 -5.349271 4.637826 4.105403 -1.354520 -0.957768 -8.438971  
1.580003 1.753244 -4.396958 4.655360 4.117716 -1.367000 -1.073606 -10.499182  
1.590007 1.718619 -3.460940 4.672555 4.129065 -1.379914 -1.207454 -13.265391  
1.600004 1.693203 -2.542442 4.689480 4.139472 -1.393259 -1.363925 -17.067403  
1.610004 1.676874 -1.632799 4.706250 4.148980 -1.407070 -1.549886 -22.454675  
1.620006 1.669528 -0.734507 4.722948 4.157608 -1.421364 -1.774894 -30.359276  
1.630005 1.671096 0.156815 4.739657 4.165369 -1.436158 -2.053154 -42.461525  
1.640003 1.667873 -0.322333 4.756334 4.172225 -1.451358 -2.403729 -61.819139  
1.650004 1.582967 -8.490251 4.772164 4.177900 -1.466133 -2.832084 -92.528884  
1.660004 1.482964 -9.999924 4.786994 4.182485 -1.480235 -3.356924 -142.277807  
1.670003 1.382972 -10.000951 4.800822 4.186132 -1.493571 -4.008300 -225.495605  
1.680010 1.282942 -9.995375 4.813661 4.188986 -1.506088 -4.830464 -370.223978  
1.690010 1.182905 -10.004184 4.825489 4.191175 -1.517712 -5.886012 -632.836320  
1.700000 1.082953 -10.004646 4.836309 4.192818 -1.528405 -7.271822 -1134.820982  
1.710011 0.982943 -9.990018 4.846149 4.194022 -1.538171 -9.148203 -2161.384494  
1.720014 0.882871 -10.004434 4.854980 4.194875 -1.546960 -11.771025 -4429.220843  
1.730006 0.782892 -10.005482 4.862803 4.195456 -1.554761 -15.600733 -9970.645061  
1.740014 0.682890 -9.992879 4.869637 4.195833 -1.561584 -21.545596 -25516.067514  
1.750028 0.582779 -9.996965 4.875473 4.196061 -1.567416 -31.558011 -78233.666036  
1.760004 0.482826 -10.019595 4.880290 4.196185 -1.572231 -50.533822 -314625.924253  
1.770042 0.382749 -9.968970 4.884132 4.196243 -1.576073 -95.629447 -2092809.997416  
1.780028 0.282625 -10.027215 4.886954 4.196263 -1.578895 -270.850638 -46408430.708069  
1.790089 0.185956 -9.607925 4.888825 4.196266 -1.580765 1329.678055 6170321678.498045  
1.800017 0.219618 3.390623 4.891005 4.196258 -1.582946 169.763821 11630563.897266  
1.810040 0.319377 9.952584 4.894207 4.196228 -1.586147 74.867754 978320.392249  
1.820021 0.419401 10.021501 4.898393 4.196152 -1.590332 43.511692 188579.514320  
1.830010 0.519250 9.996400 4.903579 4.196002 -1.595516 28.820916 53690.293254  
1.840008 0.619184 9.995521 4.909770 4.195745 -1.601701 20.668912 19345.535750  
1.850021 0.719241 9.992659 4.916971 4.195341 -1.608892 15.647392 8175.894583  
1.860018 0.819295 10.008201 4.925162 4.194749 -1.617060 12.334667 3890.364932  
1.870001 0.919197 10.007428 4.934338 4.193923 -1.626199 10.029646 2026.537194  
1.880005 1.019133 9.989603 4.944534 4.192811 -1.636333 8.353992 1131.892036  
1.890012 1.119194 9.998385 4.955734 4.191363 -1.647439 7.098860 669.902698  
1.900013 1.219237 10.003900 4.967927 4.189531 -1.659493 6.134768 416.279859  
1.910012 1.319236 10.000997 4.981118 4.187263 -1.672487 5.377355 269.496865  
1.920002 1.419183 10.004696 4.995296 4.184512 -1.686395 4.771574 180.784217  
1.930001 1.519129 9.995745 5.010485 4.181224 -1.701223 4.278403 124.991285  
1.940000 1.619124 9.999864 5.026676 4.177355 -1.716944 3.871664 88.769345  
1.950004 1.719143 9.998083 5.043874 4.172860 -1.733544 3.531960 64.554940  
1.960004 1.819163 10.002230 5.062065 4.167702 -1.750987 3.245358 47.959792  
1.970001 1.919152 10.001213 5.081252 4.161842 -1.769257 3.001106 36.319166  
1.980008 2.019172 9.995930 5.101456 4.155239 -1.788350 2.790869 27.974692  
1.990001 2.119172 10.006393 5.122634 4.147875 -1.808206 2.608808 21.893204  
2.000000 2.219136 9.997514 5.144823 4.139708 -1.828837 2.449671 17.377047  
2.010000 2.319133 9.999399 5.168015 4.130716 -1.850213 2.309668 13.972753  
2.020006 2.419165 9.997221 5.192221 4.120869 -1.872325 2.185655 11.369335  
2.030003 2.519179 10.004766 5.217405 4.110162 -1.895118 2.075310 9.355005  
2.040001 2.619154 9.999221 5.243592 4.098564 -1.918596 1.976460 7.776147  
2.050002 2.719149 9.998954 5.270785 4.086058 -1.942741 1.887436 6.524607  
2.060004 2.819162 9.999244 5.298982 4.072628 -1.967534 1.806864 5.522839  
2.070006 2.919183 10.000021 5.328180 4.058262 -1.992952 1.733609 4.713205  
2.080006 3.019191 10.001226 5.358371 4.042951 -2.018971 1.666721 4.053304  
2.090008 3.119200 9.998716 5.389569 4.026675 -2.045587 1.605353 3.510915  
2.100000 3.219172 10.004816 5.421737 4.009445 -2.072750 1.548885 3.062052  
2.110003 3.319146 9.995018 5.454936 3.991217 -2.100497 1.496619 2.687416  
2.120001 3.419150 10.001804 5.489123 3.972006 -2.128774 1.448125 2.372963  
2.130006 3.519167 9.996886 5.524331 3.951783 -2.157594 1.402923 2.107150  
2.140002 3.619172 10.004057 5.560510 3.930569 -2.186900 1.360700 1.881483  
2.150007 3.719176 9.995903 5.597719 3.908321 -2.216723 1.321061 1.688628  
2.160004 3.819184 10.003464 5.635900 3.885065 -2.247005 1.283779 1.523163  
2.170002 3.919159 9.999716 5.675083 3.860777 -2.277751 1.248574 1.380428  
2.180007 4.019170 9.996343 5.715294 3.835432 -2.308968 1.215203 1.256715  
2.190003 4.119173 10.004307 5.756469 3.809061 -2.340589 1.183523 1.149244  
2.200003 4.219153 9.997631 5.798662 3.781624 -2.372642 1.153318 1.055324  
2.210006 4.319168 9.998597 5.841867 3.753115 -2.405105 1.124438 0.973064  
2.220002 4.419162 10.003254 5.886041 3.723555 -2.437930 1.096771 0.900854  
2.230003 4.519146 9.997358 5.931237 3.692899 -2.471139 1.070157 0.837182  
2.240006 4.619165 9.998833 5.977443 3.661148 -2.504707 1.044493 0.780908  
2.250001 4.719153 10.003852 6.024611 3.628324 -2.538580 1.019700 0.731136  
2.260005 4.819147 9.995245 6.072822 3.594363 -2.572798 0.995640 0.686915  
2.270001 4.919145 10.003969 6.121993 3.559312 -2.607282 0.972268 0.647686  
2.280005 5.019139 9.995901 6.172202 3.523106 -2.642068 0.949467 0.612721  
2.290005 5.119156 10.001485 6.223395 3.485773 -2.677095 0.927188 0.581630  
2.300004 5.219148 10.000525 6.275579 3.447297 -2.712347 0.905355 0.553910  
2.310002 5.319132 9.999803 6.328763 3.407659 -2.747805 0.883901 0.529223  
2.320002 5.419120 9.999317 6.382952 3.366843 -2.783448 0.862760 0.507240  
2.330002 5.519119 9.999067 6.438147 3.324834 -2.819250 0.841873 0.487673  
2.340005 5.619132 9.999052 6.494351 3.281618 -2.855183 0.821182 0.470308  
2.350002 5.719126 10.002285 6.551526 3.237209 -2.891193 0.800646 0.454952  
2.360005 5.819125 9.996668 6.609736 3.191541 -2.927287 0.780187 0.441398  
2.370001 5.919119 10.003330 6.668904 3.144659 -2.963383 0.759779 0.429518  
2.380006 6.019119 9.995483 6.729122 3.096474 -2.999499 0.739340 0.419163  
2.390004 6.119132 10.002555 6.790306 3.047035 -3.035544 0.718844 0.410229  
2.400000 6.219103 10.001139 6.852472 2.996311 -3.071482 0.698235 0.402625  
2.410001 6.319081 9.997409 6.915666 2.944245 -3.107294 0.677444 0.396241  
2.420002 6.373534 5.444470 6.979410 2.891214 -3.142665 0.656574 0.391062  
2.430005 6.284084 -8.942898 7.042266 2.838424 -3.176783 0.636040 0.387067  
2.440002 6.184084 -10.002916 7.104089 2.786021 -3.209584 0.615838 0.384124  
2.450004 6.084085 -9.997446 7.164945 2.733973 -3.241118 0.595902 0.382091  
2.460002 5.984084 -10.002785 7.224769 2.682359 -3.271367 0.576215 0.380878  
2.470000 5.884101 -9.999336 7.283604 2.631168 -3.300365 0.556733 0.380364  
2.480003 5.784093 -9.998318 7.341460 2.580412 -3.328133 0.537427 0.380485  
2.490000 5.684093 -10.002822 7.398284 2.530159 -3.354660 0.518292 0.381143  
2.500001 5.584103 -9.998267 7.454129 2.480387 -3.379985 0.499295 0.382270  
2.510003 5.484087 -9.999226 7.508983 2.431126 -3.404116 0.480427 0.383796  
2.520006 5.384061 -9.999919 7.562838 2.382406 -3.427066 0.461685 0.385646  
2.530002 5.284069 -10.003402 7.615657 2.334283 -3.448837 0.443077 0.387758  
2.540003 5.184084 -9.997452 7.667503 2.286721 -3.469472 0.424580 0.390057  
2.550003 5.084078 -10.000338 7.718345 2.239769 -3.488976 0.406210 0.392480  
2.560003 4.984075 -9.999898 7.768188 2.193445 -3.507372 0.387972 0.394952  
2.570005 4.884064 -9.999155 7.817038 2.147764 -3.524682 0.369874 0.397408  
2.580005 4.784058 -10.001318 7.864875 2.102769 -3.540921 0.351938 0.399770  
2.590004 4.684068 -10.000047 7.911711 2.058468 -3.556120 0.334179 0.401971  
2.600005 4.584065 -9.998451 7.957560 2.014869 -3.570307 0.316610 0.403912  
2.610001 4.484081 -10.003190 8.002380 1.972035 -3.583498 0.299273 0.405537  
2.620000 4.384109 -9.997789 8.046218 1.929939 -3.595737 0.282174 0.406755  
2.630002 4.284104 -9.998721 8.089067 1.888612 -3.607051 0.265347 0.407486  
2.640004 4.184085 -9.999486 8.130918 1.848079 -3.617472 0.248826 0.407646  
2.650006 4.084065 -10.000099 8.171766 1.808365 -3.627032 0.232644 0.407161  
2.660007 3.984054 -10.000578 8.211609 1.769493 -3.635769 0.216837 0.405946  
2.670005 3.884062 -10.000945 8.250443 1.731481 -3.643718 0.201442 0.403940  
2.680000 3.784096 -10.001224 8.288266 1.694350 -3.650921 0.186494 0.401072  
2.690000 3.684121 -9.997664 8.325107 1.658087 -3.657420 0.172015 0.397276  
2.700004 3.584104 -9.997622 8.360963 1.622710 -3.663258 0.158042 0.392507  
2.710005 3.484080 -10.001475 8.395806 1.588258 -3.668472 0.144616 0.386727  
2.720002 3.384092 -10.001655 8.429638 1.554745 -3.673102 0.131766 0.379920  
2.730004 3.284101 -9.997785 8.462483 1.522156 -3.677196 0.119510 0.372047  
2.740000 3.184113 -10.002054 8.494314 1.490529 -3.680791 0.107880 0.363128  
2.750000 3.084130 -9.998209 8.525155 1.459848 -3.683932 0.096889 0.353170  
2.760003 2.984119 -9.998538 8.555004 1.430124 -3.686658 0.086551 0.342197  
2.770007 2.884086 -9.999068 8.583857 1.401367 -3.689007 0.076879 0.330275  
2.780002 2.784094 -10.004592 8.611683 1.373613 -3.691015 0.067887 0.317450  
2.790004 2.684114 -9.996385 8.638529 1.346822 -3.692722 0.059562 0.303809  
2.800010 2.584075 -9.997419 8.664386 1.321004 -3.694160 0.051902 0.289414  
2.810008 2.484054 -10.004107 8.689222 1.296198 -3.695360 0.044907 0.274397  
2.820003 2.384088 -10.001193 8.713052 1.272389 -3.696353 0.038557 0.258860  
2.830002 2.284118 -9.998102 8.735890 1.249564 -3.697167 0.032829 0.242895  
2.840011 2.184080 -9.994780 8.757751 1.227714 -3.697828 0.027698 0.226612  
2.850001 2.084089 -10.009798 8.778570 1.206902 -3.698356 0.023151 0.210199  
2.860012 1.984087 -9.988932 8.798433 1.187043 -3.698776 0.019139 0.193691  
2.870013 1.884028 -10.005230 8.817274 1.168204 -3.699103 0.015644 0.177280  
2.880006 1.784061 -10.003731 8.835102 1.150378 -3.699354 0.012628 0.161078  
2.890009 1.684077 -9.994520 8.851950 1.133532 -3.699545 0.010047 0.145175  
2.900014 1.584037 -9.999645 8.867797 1.117685 -3.699687 0.007869 0.129686  
2.910005 1.484059 -10.006496 8.882625 1.102858 -3.699790 0.006057 0.114743  
2.920002 1.384117 -9.996897 8.896462 1.089020 -3.699863 0.004568 0.100407  
2.930010 1.284091 -9.994691 8.909313 1.076169 -3.699914 0.003365 0.086770  
2.940012 1.184043 -10.003031 8.921156 1.064327 -3.699948 0.002413 0.073935  
2.950008 1.084054 -10.002774 8.931992 1.053491 -3.699970 0.001677 0.061963  
2.960026 0.983987 -9.989314 8.941849 1.043633 -3.699984 0.001121 0.050902  
2.970014 0.883958 -10.014630 8.950678 1.034804 -3.699992 0.000716 0.040848  
2.980030 0.783935 -9.985840 8.958530 1.026952 -3.699996 0.000431 0.031795  
2.990011 0.683950 -10.018025 8.965357 1.020126 -3.699998 0.000241 0.023843  
3.000030 0.583954 -9.980856 8.971207 1.014275 -3.699999 0.000121 0.016984  
3.010056 0.483725 -9.996028 8.976057 1.009425 -3.700000 0.000053 0.011248  
3.020024 0.383754 -10.029736 8.979882 1.005600 -3.700000 0.000019 0.006697  
3.030070 0.283685 -9.960714 8.982732 1.002750 -3.700000 0.000004 0.003294  
3.040187 0.182870 -9.965371 8.984582 1.000900 -3.700000 0.000000 0.001079  
3.050253 0.081955 -10.024838 8.985407 1.000075 -3.700000 0.000000 0.000091  
0.000000 0.000000 0.000000 0.000000 0.000000 1.000000 0.000000 0.000000  
0.010141 0.053695 5.294612 0.000545 0.000545 1.000000 -0.000000 0.000000  
0.020133 0.151439 9.782360 0.002058 0.002058 1.000000 -0.000001 0.000000  
0.030024 0.251057 10.071768 0.004541 0.004541 1.000000 -0.000003 0.000000  
0.040040 0.351039 9.981925 0.008057 0.008057 1.000000 -0.000011 0.000000  
0.050046 0.451938 10.083781 0.012579 0.012579 1.000000 -0.000026 0.000000  
0.060047 0.553190 10.124598 0.018111 0.018111 1.000000 -0.000053 0.000000  
0.070001 0.654700 10.198089 0.024628 0.024628 0.999999 -0.000097 0.000000  
0.080001 0.756817 10.212133 0.032196 0.032196 0.999998 -0.000165 0.000000  
0.090030 0.860023 10.290537 0.040821 0.040821 0.999996 -0.000264 0.000000  
0.100018 0.963961 10.405915 0.050450 0.050450 0.999993 -0.000401 0.000000  
0.110003 1.068540 10.473955 0.061119 0.061119 0.999988 -0.000585 0.000000  
0.120008 1.174165 10.556764 0.072867 0.072867 0.999980 -0.000827 0.000000  
0.130004 1.280888 10.676682 0.085670 0.085670 0.999967 -0.001135 0.000000  
0.140012 1.388747 10.777728 0.099568 0.099568 0.999949 -0.001522 0.000000  
0.150006 1.497803 10.912214 0.114537 0.114537 0.999923 -0.001999 0.000000  
0.160004 1.608101 11.031749 0.130615 0.130615 0.999886 -0.002579 0.000000  
0.170002 1.719805 11.172686 0.147810 0.147810 0.999836 -0.003277 0.000000  
0.180012 1.833056 11.313727 0.166159 0.166159 0.999768 -0.004107 0.000000  
0.190011 1.947899 11.484900 0.185637 0.185636 0.999679 -0.005085 0.000000  
0.200011 2.064380 11.648050 0.206281 0.206280 0.999562 -0.006228 0.000000  
0.210006 2.182649 11.833493 0.228095 0.228094 0.999412 -0.007553 0.000000  
0.220002 2.302853 12.024605 0.251116 0.251113 0.999221 -0.009081 0.000000  
0.230006 2.425224 12.232679 0.275377 0.275373 0.998980 -0.010833 0.000000  
0.240008 2.549918 12.467363 0.300880 0.300875 0.998678 -0.012832 0.000000  
0.250010 2.677105 12.715012 0.327659 0.327651 0.998305 -0.015104 0.000000  
0.260005 2.806975 12.994460 0.355712 0.355701 0.997845 -0.017672 0.000000  
0.270002 2.939812 13.286999 0.385103 0.385087 0.997284 -0.020570 0.000000  
0.280002 3.076006 13.620234 0.415861 0.415837 0.996602 -0.023831 0.000000  
0.290010 3.215969 13.984992 0.448047 0.448012 0.995777 -0.027496 0.000000  
0.300003 3.360022 14.415554 0.481623 0.481574 0.994786 -0.031596 0.000000  
0.310004 3.508675 14.863810 0.516714 0.516644 0.993599 -0.036188 0.000000  
0.320005 3.662654 15.396307 0.553344 0.553247 0.992181 -0.041323 0.000000  
0.330005 3.822623 15.996242 0.591572 0.591438 0.990495 -0.047060 0.000000  
0.340002 3.989426 16.684936 0.631455 0.631271 0.988494 -0.053468 0.000000  
0.350007 4.164176 17.466788 0.673116 0.672864 0.986123 -0.060636 0.000000  
0.360004 4.348089 18.397562 0.716582 0.716240 0.983321 -0.068647 0.000000  
0.370004 4.542657 19.455667 0.762012 0.761548 0.980010 -0.077622 0.000000  
0.380002 4.749787 20.716717 0.809501 0.808877 0.976101 -0.087686 0.000000  
0.390002 4.971723 22.194182 0.859217 0.858378 0.971484 -0.099001 0.000000  
0.400003 5.211290 23.955151 0.911333 0.910207 0.966027 -0.111755 0.000000  
0.410005 5.471941 26.058458 0.966067 0.964558 0.959566 -0.126180 0.000000  
0.420003 5.697961 22.607476 1.023032 1.021018 0.951991 -0.142369 0.000000  
0.430006 5.738148 4.017653 1.080430 1.077771 0.943419 -0.159953 0.000000  
0.440005 5.768916 3.076979 1.138114 1.134646 0.933787 -0.178978 0.000000  
0.450003 5.806926 3.801549 1.196176 1.191696 0.922997 -0.199563 0.000000  
0.460000 5.852127 4.521611 1.254677 1.248942 0.910944 -0.221829 0.000000  
0.470006 5.904208 5.205345 1.313751 1.306466 0.897499 -0.245941 0.000000  
0.480004 5.962465 5.826286 1.373369 1.364183 0.882561 -0.272008 0.000000  
0.490006 6.025715 6.324348 1.433633 1.422125 0.865994 -0.300210 0.000000  
0.500003 6.092243 6.654464 1.494540 1.480214 0.847681 -0.330691 0.000000  
0.510005 6.159671 6.741752 1.556146 1.538416 0.827488 -0.363645 0.000000  
0.520004 6.224887 6.522037 1.618391 1.596578 0.805317 -0.399218 0.000000  
0.530003 6.283995 5.911286 1.681226 1.654550 0.781076 -0.437579 0.000000  
0.540002 6.332400 4.840874 1.744545 1.712119 0.754713 -0.478876 0.000000  
0.550003 6.365883 3.347956 1.808210 1.769046 0.726207 -0.523246 0.000000  
0.560004 6.394073 2.818784 1.872157 1.825154 0.695532 -0.570900 0.000000  
0.570002 6.425428 3.136026 1.936399 1.880336 0.662636 -0.622143 0.000000  
0.580005 6.458056 3.262082 2.000995 1.934513 0.627459 -0.677373 0.000000  
0.590005 6.489761 3.170192 2.065897 1.987516 0.590003 -0.736972 0.000000  
0.600002 6.518376 2.862377 2.131061 2.039182 0.550292 -0.801387 0.000000  
0.610002 6.541884 2.350898 2.196479 2.089381 0.508345 -0.871183 0.000000  
0.620003 6.558467 1.658095 2.262071 2.137934 0.464244 -0.946934 0.000000  
0.630005 6.566577 0.810854 2.327750 2.184674 0.418101 -1.029290 0.000000  
0.640004 6.565044 -0.153315 2.393389 2.229422 0.370080 -1.118915 0.000000  
0.650003 6.553171 -1.187451 2.458915 2.272067 0.320329 -1.216609 0.000000  
0.660004 6.530840 -2.232697 2.524235 2.312504 0.269031 -1.323176 0.000000  
0.670004 6.498671 -3.217115 2.589218 2.350637 0.216413 -1.439323 0.000000  
0.680000 6.458265 -4.042090 2.653776 2.386433 0.162687 -1.565677 0.000000  
0.690002 6.398118 -6.013702 2.717768 2.419861 0.108120 -1.702391 0.000000  
0.700000 6.267820 -13.032122 2.780435 2.450644 0.053535 -1.847379 0.000000  
0.710002 6.055752 -21.201565 2.841008 2.478617 -0.000191 -1.996807 0.000000  
0.720003 5.764360 -29.137240 2.898655 2.503696 -0.052097 -2.144409 0.000000  
0.730003 5.397605 -36.677248 2.952628 2.525924 -0.101282 -2.281529 0.000000  
0.740003 4.959569 -43.802356 3.002226 2.545411 -0.146890 -2.397258 0.000000  
0.750003 4.453555 -50.601100 3.046761 2.562297 -0.188100 -2.479375 0.000000  
0.760003 3.881518 -57.203538 3.085577 2.576705 -0.224143 -2.516331 0.000000  
0.770002 3.191800 -68.977515 3.117492 2.588504 -0.253797 -2.500582 0.000000  
0.780000 2.397400 -79.456060 3.141461 2.597488 -0.276019 -2.435742 0.000000  
0.790002 1.664151 -73.313626 3.158105 2.603912 -0.291373 -2.332309 0.000000  
0.800001 0.997831 -66.636807 3.168083 2.607927 -0.300507 -2.202554 0.000000  
0.810003 0.401291 -59.644056 3.172096 2.609621 -0.304146 -2.058049 0.000000  
0.820002 0.121587 -27.971816 3.173312 2.609062 -0.303066 -1.908521 0.000000  
0.830001 0.566594 44.505212 3.178978 2.606340 -0.298098 -1.761134 0.000000  
0.840003 0.930663 36.400282 3.188286 2.601590 -0.290092 -1.620650 0.000000  
0.850004 1.213094 28.241583 3.200418 2.595017 -0.279895 -1.489933 0.000000  
0.860003 1.424686 21.159480 3.214664 2.586841 -0.268228 -1.369645 0.000000  
0.870005 1.580064 15.536126 3.230467 2.577264 -0.255659 -1.259235 0.000000  
0.880001 1.686261 10.623591 3.247323 2.566510 -0.242679 -1.158036 0.000000  
0.890000 1.748173 6.191692 3.264803 2.554812 -0.229689 -1.065188 0.000000  
0.900004 1.769592 2.141082 3.282506 2.542429 -0.217039 -0.979909 0.000000  
0.910005 1.753664 -1.592569 3.300045 2.529649 -0.205026 -0.901532 0.000000  
0.920002 1.703251 -5.042867 3.317073 2.516771 -0.193887 -0.829392 0.000000  
0.930002 1.621011 -8.223975 3.333283 2.504087 -0.183793 -0.762823 0.000000  
0.940006 1.509430 -11.154449 3.348382 2.491903 -0.174875 -0.701282 0.000000  
0.950004 1.370965 -13.849345 3.362089 2.480530 -0.167224 -0.644333 0.000000  
0.960001 1.207954 -16.305568 3.374165 2.470258 -0.160874 -0.591515 0.000000  
0.970004 1.022453 -18.544705 3.384393 2.461362 -0.155827 -0.542413 0.000000  
0.980003 0.816440 -20.602631 3.392556 2.454120 -0.152060 -0.496737 0.000000  
0.990003 0.591394 -22.504848 3.398470 2.448781 -0.149516 -0.454194 0.000000  
1.000001 0.348905 -24.254583 3.401959 2.445584 -0.148121 -0.414650 0.000000  
1.010003 0.093604 -25.524306 3.402895 2.444716 -0.147770 -0.377940 0.000000  
1.020002 0.169640 7.604159 3.404591 2.446314 -0.148339 -0.343934 0.000000  
1.030005 0.436609 26.690142 3.408958 2.450465 -0.149695 -0.312447 0.000000  
1.040003 0.703848 26.730012 3.415995 2.457211 -0.151697 -0.283334 0.000000  
1.050002 0.968657 26.483158 3.425681 2.466564 -0.154214 -0.256411 0.000000  
1.060001 1.229115 26.048268 3.437971 2.478506 -0.157120 -0.231523 0.000000  
1.070002 1.483845 25.470585 3.452811 2.493000 -0.160302 -0.208513 0.000000  
1.080005 1.732001 24.807314 3.470137 2.509998 -0.163659 -0.187241 0.000000  
1.090004 1.973032 24.105328 3.489865 2.529424 -0.167099 -0.167590 0.000000  
1.100002 2.206742 23.375392 3.511928 2.551216 -0.170548 -0.149432 0.000000  
1.110002 2.433282 22.654886 3.536260 2.575310 -0.173940 -0.132655 0.000000  
1.120004 2.652948 21.960849 3.562797 2.601643 -0.177224 -0.117159 0.000000  
1.130005 2.866078 21.311735 3.591459 2.630134 -0.180353 -0.102865 0.000000  
1.140004 3.073090 20.703981 3.622186 2.660720 -0.183293 -0.089693 0.000000  
1.150005 3.274566 20.144045 3.654937 2.693358 -0.186018 -0.077569 0.000000  
1.160003 3.471059 19.653339 3.689641 2.727972 -0.188506 -0.066441 0.000000  
1.170001 3.663144 19.212231 3.726265 2.764528 -0.190745 -0.056253 0.000000  
1.180003 3.851518 18.834804 3.764785 2.802997 -0.192726 -0.046960 0.000000  
1.190004 4.036836 18.528886 3.805160 2.843335 -0.194446 -0.038528 0.000000  
1.200002 4.219723 18.292306 3.847349 2.885499 -0.195906 -0.030934 0.000000  
1.210004 4.400938 18.119254 3.891364 2.929497 -0.197114 -0.024154 0.000000  
1.220003 4.552502 15.157255 3.936886 2.975009 -0.198075 -0.018216 0.000000  
1.230002 4.566725 1.422481 3.982549 3.020666 -0.198789 -0.013235 0.000000  
1.240002 4.555879 -1.084574 4.028108 3.066222 -0.199296 -0.009145 0.000000  
1.250004 4.537936 -1.793962 4.073498 3.111611 -0.199634 -0.005875 0.000000  
1.260001 4.514238 -2.370641 4.118623 3.156735 -0.199840 -0.003370 0.000000  
1.270003 4.485915 -2.831698 4.163492 3.201605 -0.199948 -0.001581 0.000000  
1.280000 4.453935 -3.198851 4.208020 3.246132 -0.199992 -0.000472 0.000000  
1.290003 4.419146 -3.477980 4.252223 3.290335 -0.200000 -0.000015 0.000000  
1.300002 4.431748 1.260322 4.296536 3.334649 -0.200008 -0.000684 0.000000  
1.310001 4.540558 10.882303 4.341937 3.380049 -0.200094 -0.003441 0.000000  
1.320004 4.635144 9.455051 4.388305 3.426417 -0.200356 -0.008146 0.000000  
1.330003 4.717023 8.189103 4.435469 3.473577 -0.200887 -0.014668 0.000000  
1.340001 4.790580 7.356868 4.483367 3.521467 -0.201781 -0.022928 0.000000  
1.350001 4.859369 6.878892 4.531961 3.570043 -0.203130 -0.032881 0.000000  
1.360001 4.926298 6.693150 4.581222 3.619267 -0.205029 -0.044513 0.000000  
1.370006 4.993844 6.751048 4.631187 3.669167 -0.207576 -0.057846 0.000000  
1.380006 5.064131 7.028573 4.681828 3.719701 -0.210873 -0.072904 0.000000  
1.390005 5.139010 7.489261 4.733209 3.770913 -0.215031 -0.089755 0.000000  
1.400006 5.220177 8.115586 4.785418 3.822868 -0.220173 -0.108495 0.000000  
1.410004 5.309087 8.892622 4.838500 3.875580 -0.226431 -0.129224 0.000000  
1.420001 5.406955 9.789715 4.892553 3.929108 -0.233951 -0.152084 0.000000  
1.430001 5.514767 10.781611 4.947699 3.983522 -0.242902 -0.177249 0.000000  
1.440002 5.633141 11.836001 5.004037 4.038860 -0.253466 -0.204913 0.000000  
1.450006 5.762202 12.900909 5.061682 4.095160 -0.265847 -0.235307 0.000000  
1.460003 5.901358 13.920078 5.120676 4.152370 -0.280250 -0.268657 0.000000  
1.470006 6.049240 14.783805 5.181187 4.210536 -0.296929 -0.305306 0.000000  
1.480004 6.203383 15.417369 5.243208 4.269518 -0.316107 -0.345543 0.000000  
1.490003 6.359934 15.656125 5.306803 4.329213 -0.338035 -0.389764 0.000000  
1.500007 6.513605 15.360999 5.371965 4.389426 -0.362946 -0.438394 0.000000  
1.510002 6.657296 14.377188 5.438501 4.449765 -0.390983 -0.491799 0.000000  
1.520004 6.783249 12.592078 5.506351 4.509946 -0.422318 -0.550549 0.000000  
1.530004 6.900079 11.682776 5.575353 4.569575 -0.457040 -0.615259 0.000000  
1.540006 7.019592 11.949713 5.645558 4.628429 -0.495316 -0.686931 0.000000  
1.550003 7.138871 11.930700 5.716930 4.686186 -0.537246 -0.766767 0.000000  
1.560001 7.254055 11.521402 5.789452 4.742528 -0.582908 -0.856358 0.000000  
1.570002 7.361292 10.722459 5.863073 4.797096 -0.632328 -0.957768 0.000000  
1.580003 7.456785 9.548540 5.937647 4.849462 -0.685423 -1.073606 0.000000  
1.590007 7.537014 8.019120 6.013052 4.899232 -0.742071 -1.207454 0.000000  
1.600004 7.598918 6.192665 6.089014 4.945937 -0.801977 -1.363925 0.000000  
1.610004 7.640126 4.120545 6.165421 4.989259 -0.864915 -1.549886 0.000000  
1.620006 7.659102 1.897256 6.242023 5.028843 -0.930497 -1.774894 0.000000  
1.630005 7.655192 -0.391079 6.318566 5.064403 -0.998278 -2.053154 0.000000  
1.640003 7.567288 -8.791396 6.394230 5.095513 -1.067251 -2.403729 0.000000  
1.650004 7.062729 -50.453504 6.464860 5.120844 -1.133183 -2.832084 0.000000  
1.660004 6.473083 -58.962870 6.529593 5.140866 -1.194741 -3.356924 0.000000  
1.670003 5.886241 -58.694282 6.588445 5.156393 -1.251509 -4.008300 0.000000  
1.680010 5.315043 -57.076314 6.641636 5.168223 -1.303367 -4.830464 0.000000  
1.690010 4.767653 -54.741760 6.689310 5.177048 -1.350217 -5.886012 0.000000  
1.700000 4.248489 -51.965307 6.731755 5.183494 -1.392170 -7.271822 0.000000  
1.710011 3.757858 -49.009021 6.769375 5.188101 -1.429507 -9.148203 0.000000  
1.720014 3.294910 -46.282142 6.802333 5.191286 -1.462311 -11.771025 0.000000  
1.730006 2.858294 -43.694873 6.830895 5.193408 -1.490793 -15.600733 0.000000  
1.740014 2.444761 -41.322991 6.855360 5.194758 -1.515221 -21.545596 0.000000  
1.750028 2.050960 -39.324581 6.875899 5.195559 -1.535744 -31.558011 0.000000  
1.760004 1.674788 -37.708595 6.892606 5.195989 -1.552446 -50.533822 0.000000  
1.770042 1.312076 -36.130783 6.905778 5.196188 -1.565616 -95.629447 0.000000  
1.780028 0.960073 -35.252158 6.915364 5.196256 -1.575202 -270.850638 0.000000  
1.790089 198.781212 19661.603041 8.915360 3.196266 -1.580013 1329.678055 0.000000  
1.800017 0.297956 -19992.402233 8.918318 3.196276 -1.577055 169.763821 0.000000  
1.810040 0.425448 12.719380 8.922583 3.196317 -1.572791 74.867754 0.000000  
1.820021 0.544666 11.944677 8.928019 3.196416 -1.567356 43.511692 0.000000  
1.830010 0.652585 10.804256 8.934537 3.196604 -1.560840 28.820916 0.000000  
1.840008 0.747211 9.464565 8.942008 3.196914 -1.553376 20.668912 0.000000  
1.850021 0.826493 7.917896 8.950284 3.197377 -1.545113 15.647392 0.000000  
1.860018 0.888579 6.210360 8.959167 3.198019 -1.536253 12.334667 0.000000  
1.870001 0.932060 4.355586 8.968471 3.198856 -1.526986 10.029646 0.000000  
1.880005 0.956114 2.404447 8.978036 3.199899 -1.517478 8.353992 0.000000  
1.890012 0.960250 0.413250 8.987646 3.201140 -1.507949 7.098860 0.000000  
1.900013 0.944416 -1.583278 8.997091 3.202557 -1.498611 6.134768 0.000000  
1.910012 0.909072 -3.534779 9.006181 3.204119 -1.489657 5.377355 0.000000  
1.920002 0.855101 -5.402616 9.014723 3.205774 -1.481276 4.771574 0.000000  
1.930001 0.783684 -7.142478 9.022559 3.207468 -1.473626 4.278403 0.000000  
1.940000 0.696258 -8.742880 9.029521 3.209130 -1.466864 3.871664 0.000000  
1.950004 0.594504 -10.171523 9.035469 3.210682 -1.461123 3.531960 0.000000  
1.960004 0.480234 -11.427271 9.040271 3.212041 -1.456517 3.245358 0.000000  
1.970001 0.355319 -12.494405 9.043823 3.213124 -1.453134 3.001106 0.000000  
1.980008 0.221482 -13.375597 9.046039 3.213846 -1.451039 2.790869 0.000000  
1.990001 0.080508 -14.106310 9.046844 3.214123 -1.450284 2.608808 0.000000  
2.000000 0.065982 -1.452858 9.047504 3.213878 -1.450896 2.449671 0.000000  
2.010000 0.216643 15.065698 9.049670 3.213036 -1.452892 2.309668 0.000000  
2.020006 0.370203 15.346800 9.053375 3.211527 -1.456275 2.185655 0.000000  
2.030003 0.525466 15.531512 9.058627 3.209292 -1.461029 2.075310 0.000000  
2.040001 0.681449 15.600906 9.065441 3.206273 -1.467137 1.976460 0.000000  
2.050002 0.837445 15.598899 9.073816 3.202419 -1.474572 1.887436 0.000000  
2.060004 0.992800 15.532251 9.083746 3.197688 -1.483303 1.806864 0.000000  
2.070006 1.146966 15.413419 9.095218 3.192042 -1.493289 1.733609 0.000000  
2.080006 1.299493 15.253294 9.108212 3.185450 -1.504488 1.666721 0.000000  
2.090008 1.450075 15.055042 9.122716 3.177883 -1.516861 1.605353 0.000000  
2.100000 1.598416 14.845258 9.138688 3.169326 -1.530348 1.548885 0.000000  
2.110003 1.744391 14.594055 9.156136 3.159745 -1.544930 1.496619 0.000000  
2.120001 1.887919 14.354715 9.175013 3.149136 -1.560543 1.448125 0.000000  
2.130006 2.028888 14.090272 9.195311 3.137476 -1.577158 1.402923 0.000000  
2.140002 2.167221 13.838149 9.216976 3.124772 -1.594707 1.360700 0.000000  
2.150007 2.302909 13.562690 9.240015 3.110995 -1.613174 1.321061 0.000000  
2.160004 2.435959 13.308515 9.264368 3.096162 -1.632488 1.283779 0.000000  
2.170002 2.566334 13.040435 9.290026 3.080257 -1.652621 1.248574 0.000000  
2.180007 2.694147 12.775223 9.316980 3.063266 -1.673546 1.215203 0.000000  
2.190003 2.819368 12.527138 9.345163 3.045216 -1.695190 1.183523 0.000000  
2.200003 2.942009 12.263623 9.374584 3.026083 -1.717540 1.153318 0.000000  
2.210006 3.062170 12.012553 9.405215 3.005871 -1.740555 1.124438 0.000000  
2.220002 3.179808 11.768429 9.437000 2.984600 -1.764175 1.096771 0.000000  
2.230003 3.294961 11.514095 9.469953 2.962248 -1.788388 1.070157 0.000000  
2.240006 3.407695 11.269935 9.504041 2.938823 -1.813152 1.044493 0.000000  
2.250001 3.517944 11.030434 9.539203 2.914354 -1.838403 1.019700 0.000000  
2.260005 3.625747 10.775894 9.575475 2.888802 -1.864148 0.995640 0.000000  
2.270001 3.731093 10.539036 9.612770 2.862217 -1.890304 0.972268 0.000000  
2.280005 3.833952 10.282220 9.651123 2.834560 -1.916875 0.949467 0.000000  
2.290005 3.934316 10.036151 9.690467 2.805867 -1.943795 0.927188 0.000000  
2.300004 4.032089 9.778659 9.730783 2.776141 -1.971030 0.905355 0.000000  
2.310002 4.127229 9.515319 9.772049 2.745385 -1.998543 0.883901 0.000000  
2.320002 4.219669 9.244528 9.814244 2.713603 -2.026297 0.862760 0.000000  
2.330002 4.309323 8.964547 9.857341 2.680802 -2.054251 0.841873 0.000000  
2.340005 4.396077 8.673508 9.901311 2.646992 -2.082363 0.821182 0.000000  
2.350002 4.479773 8.372002 9.946096 2.612206 -2.110570 0.800646 0.000000  
2.360005 4.560277 8.047776 9.991714 2.576417 -2.138857 0.780187 0.000000  
2.370001 4.637405 7.715822 10.038069 2.539687 -2.167137 0.759779 0.000000  
2.380006 4.710963 7.352492 10.085200 2.501974 -2.195404 0.739340 0.000000  
2.390004 4.780729 6.977460 10.133002 2.463348 -2.223564 0.718844 0.000000  
2.400000 4.846409 6.570715 10.181446 2.423820 -2.251571 0.698235 0.000000  
2.410001 4.907754 6.134235 10.230526 2.383382 -2.279385 0.677444 0.000000  
2.420002 4.929313 2.155556 10.279826 2.342368 -2.306742 0.656574 0.000000  
2.430005 4.836015 -9.327524 10.328198 2.301743 -2.332998 0.636040 0.000000  
2.440002 4.732113 -10.393379 10.375505 2.261644 -2.358098 0.615838 0.000000  
2.450004 4.626104 -10.598169 10.421778 2.222068 -2.382076 0.595902 0.000000  
2.460002 4.518301 -10.783225 10.466948 2.183097 -2.404916 0.576215 0.000000  
2.470000 4.409025 -10.928762 10.511034 2.144739 -2.426645 0.556733 0.000000  
2.480003 4.298525 -11.047236 10.554030 2.107019 -2.447282 0.537427 0.000000  
2.490000 4.187136 -11.142130 10.595889 2.070001 -2.466823 0.518292 0.000000  
2.500001 4.075160 -11.196801 10.636644 2.033678 -2.485305 0.499295 0.000000  
2.510003 3.962866 -11.226693 10.676282 1.998082 -2.502743 0.480427 0.000000  
2.520006 3.850593 -11.224347 10.714798 1.963238 -2.519158 0.461685 0.000000  
2.530002 3.738719 -11.192020 10.752170 1.929189 -2.534562 0.443077 0.000000  
2.540003 3.627559 -11.114844 10.788449 1.895907 -2.549002 0.424580 0.000000  
2.550003 3.517436 -11.012005 10.823624 1.863424 -2.562497 0.406210 0.000000  
2.560003 3.408742 -10.868919 10.857713 1.831742 -2.575078 0.387972 0.000000  
2.570005 3.301839 -10.688186 10.890738 1.800860 -2.586781 0.369874 0.000000  
2.580005 3.197120 -10.472792 10.922707 1.770790 -2.597635 0.351938 0.000000  
2.590004 3.094969 -10.216153 10.953653 1.741518 -2.607678 0.334179 0.000000  
2.600005 2.995727 -9.922312 10.983616 1.713026 -2.616950 0.316610 0.000000  
2.610001 2.899781 -9.599168 11.012600 1.685326 -2.625480 0.299273 0.000000  
2.620000 2.807456 -9.233024 11.040673 1.658369 -2.633318 0.282174 0.000000  
2.630002 2.719014 -8.842676 11.067868 1.632140 -2.640499 0.265347 0.000000  
2.640004 2.634736 -8.425799 11.094222 1.606616 -2.647062 0.248826 0.000000  
2.650006 2.554846 -7.987374 11.119775 1.581773 -2.653043 0.232644 0.000000  
2.660007 2.479510 -7.533237 11.144571 1.557580 -2.658480 0.216837 0.000000  
2.670005 2.408823 -7.069989 11.168655 1.534006 -2.663410 0.201442 0.000000  
2.680000 2.342805 -6.604842 11.192073 1.511017 -2.667870 0.186494 0.000000  
2.690000 2.281376 -6.143006 11.214886 1.488562 -2.671895 0.172015 0.000000  
2.700004 2.224383 -5.696919 11.237139 1.466606 -2.675518 0.158042 0.000000  
2.710005 2.171637 -5.274161 11.258857 1.445132 -2.678767 0.144616 0.000000  
2.720002 2.122868 -4.878309 11.280080 1.424109 -2.681672 0.131766 0.000000  
2.730004 2.077695 -4.516747 11.300860 1.403491 -2.684262 0.119510 0.000000  
2.740000 2.035694 -4.201408 11.321210 1.383271 -2.686560 0.107880 0.000000  
2.750000 1.996387 -3.930636 11.341174 1.363411 -2.688593 0.096889 0.000000  
2.760003 1.959237 -3.714076 11.360772 1.343895 -2.690382 0.086551 0.000000  
2.770007 1.923689 -3.553317 11.380016 1.324714 -2.691949 0.076879 0.000000  
2.780002 1.889186 -3.452117 11.398898 1.305882 -2.693312 0.067887 0.000000  
2.790004 1.855133 -3.404815 11.417453 1.287365 -2.694491 0.059562 0.000000  
2.800010 1.820922 -3.418836 11.435674 1.269172 -2.695504 0.051902 0.000000  
2.810008 1.786015 -3.491382 11.453530 1.251336 -2.696367 0.044907 0.000000  
2.820003 1.749887 -3.614453 11.471021 1.233861 -2.697095 0.038557 0.000000  
2.830002 1.712016 -3.787562 11.488139 1.216753 -2.697705 0.032829 0.000000  
2.840011 1.671916 -4.006339 11.504874 1.200026 -2.698211 0.027698 0.000000  
2.850001 1.629227 -4.273485 11.521148 1.183757 -2.698624 0.023151 0.000000  
2.860012 1.583571 -4.560489 11.537002 1.167907 -2.698959 0.019139 0.000000  
2.870013 1.534631 -4.893670 11.552349 1.152562 -2.699225 0.015644 0.000000  
2.880006 1.482247 -5.242058 11.567161 1.137751 -2.699434 0.012628 0.000000  
2.890009 1.426193 -5.603268 11.581429 1.123485 -2.699595 0.010047 0.000000  
2.900014 1.366329 -5.983770 11.595098 1.109816 -2.699718 0.007869 0.000000  
2.910005 1.302671 -6.371328 11.608113 1.096801 -2.699808 0.006057 0.000000  
2.920002 1.235206 -6.748307 11.620462 1.084452 -2.699873 0.004568 0.000000  
2.930010 1.163902 -7.124802 11.632110 1.072804 -2.699919 0.003365 0.000000  
2.940012 1.088895 -7.499335 11.643001 1.061913 -2.699951 0.002413 0.000000  
2.950008 1.010391 -7.853522 11.653101 1.051814 -2.699971 0.001677 0.000000  
2.960026 0.928459 -8.178901 11.662402 1.042513 -2.699984 0.001121 0.000000  
2.970014 0.843412 -8.514716 11.670826 1.034089 -2.699992 0.000716 0.000000  
2.980030 0.755466 -8.780104 11.678393 1.026521 -2.699996 0.000431 0.000000  
2.990011 0.664926 -9.071683 11.685030 1.019885 -2.699998 0.000241 0.000000  
3.000030 0.572038 -9.271316 11.690761 1.014154 -2.699999 0.000121 0.000000  
3.010056 0.476905 -9.487935 11.695543 1.009372 -2.700000 0.000053 0.000000  
3.020024 0.380316 -9.690311 11.699333 1.005581 -2.700000 0.000019 0.000000  
3.030070 0.282271 -9.759209 11.702169 1.002746 -2.700000 0.000004 0.000000  
3.040187 0.182473 -9.864939 11.704015 1.000900 -2.700000 0.000000 0.000000  
3.050253 0.081908 -9.990013 11.704840 1.000075 -2.700000 0.000000 0.000000  
0.000000 0.000000 0.000000 0.000000 -0.000000 -1.000000 0.000000 0.000000  
0.010141 0.053685 5.293623 0.000544 0.000544 -1.000000 -0.000000 0.000000  
0.020133 0.151309 9.770411 0.002056 0.002056 -1.000000 -0.000001 0.000000  
0.030024 0.250517 10.030331 0.004534 0.004534 -1.000000 -0.000003 0.000000  
0.040040 0.349607 9.892772 0.008036 0.008036 -1.000000 -0.000011 0.000000  
0.050046 0.448932 9.926493 0.012528 0.012528 -1.000000 -0.000026 0.000000  
0.060047 0.547746 9.880835 0.018006 0.018006 -1.000000 -0.000053 0.000000  
0.070001 0.645780 9.848874 0.024434 0.024434 -1.000001 -0.000097 0.000000  
0.080001 0.743198 9.742137 0.031865 0.031865 -1.000002 -0.000165 0.000000  
0.090030 0.840280 9.679940 0.040293 0.040293 -1.000004 -0.000264 0.000000  
0.100018 0.936518 9.634993 0.049647 0.049647 -1.000007 -0.000401 0.000000  
0.110003 1.031669 9.529702 0.059948 0.059948 -1.000012 -0.000585 0.000000  
0.120008 1.125945 9.422562 0.071213 0.071213 -1.000020 -0.000827 0.000000  
0.130004 1.219235 9.332753 0.083401 0.083401 -1.000031 -0.001135 0.000000  
0.140012 1.311411 9.210634 0.096525 0.096525 -1.000049 -0.001522 0.000000  
0.150006 1.402370 9.101494 0.110540 0.110540 -1.000073 -0.001999 0.000000  
0.160004 1.491993 8.963906 0.125457 0.125457 -1.000107 -0.002579 0.000000  
0.170002 1.580251 8.827587 0.141257 0.141256 -1.000154 -0.003277 0.000000  
0.180012 1.667080 8.674209 0.157944 0.157944 -1.000215 -0.004107 0.000000  
0.190011 1.752332 8.525630 0.175467 0.175466 -1.000295 -0.005085 0.000000  
0.200011 1.835847 8.351388 0.193825 0.193824 -1.000399 -0.006228 0.000000  
0.210006 1.917522 8.172097 0.212990 0.212989 -1.000531 -0.007553 0.000000  
0.220002 1.997228 7.973398 0.232955 0.232953 -1.000697 -0.009081 0.000000  
0.230006 2.074857 7.760142 0.253711 0.253708 -1.000903 -0.010833 0.000000  
0.240008 2.150216 7.534526 0.275217 0.275212 -1.001157 -0.012832 0.000000  
0.250010 2.223074 7.283785 0.297454 0.297447 -1.001467 -0.015104 0.000000  
0.260005 2.293175 7.014157 0.320372 0.320363 -1.001842 -0.017672 0.000000  
0.270002 2.360255 6.709610 0.343969 0.343955 -1.002293 -0.020570 0.000000  
0.280002 2.424030 6.377955 0.368208 0.368188 -1.002830 -0.023831 0.000000  
0.290010 2.484141 6.006177 0.393069 0.393041 -1.003467 -0.027496 0.000000  
0.300003 2.540097 5.599560 0.418452 0.418413 -1.004216 -0.031596 0.000000  
0.310004 2.591381 5.127933 0.444369 0.444315 -1.005093 -0.036188 0.000000  
0.320005 2.637421 4.603547 0.470746 0.470672 -1.006113 -0.041323 0.000000  
0.330005 2.677464 4.004140 0.497521 0.497422 -1.007294 -0.047060 0.000000  
0.340002 2.710636 3.318025 0.524620 0.524486 -1.008653 -0.053468 0.000000  
0.350007 2.735902 2.525434 0.551992 0.551814 -1.010210 -0.060636 0.000000  
0.360004 2.751997 1.610098 0.579503 0.579267 -1.011983 -0.068647 0.000000  
0.370004 2.757396 0.539802 0.607078 0.606770 -1.013992 -0.077622 0.000000  
0.380002 2.750247 -0.715018 0.634576 0.634174 -1.016254 -0.087686 0.000000  
0.390002 2.728281 -2.196632 0.661858 0.661338 -1.018786 -0.099001 0.000000  
0.400003 2.688705 -3.957279 0.688747 0.688080 -1.021600 -0.111755 0.000000  
0.410005 2.628071 -6.061935 0.715034 0.714184 -1.024700 -0.126180 0.000000  
0.420003 2.516894 -11.120441 0.740197 0.739123 -1.028043 -0.142369 0.000000  
0.430006 2.300833 -21.600109 0.763212 0.761880 -1.031477 -0.159953 0.000000  
0.440005 2.070036 -23.081466 0.783910 0.782289 -1.034929 -0.178978 0.000000  
0.450003 1.832036 -23.803180 0.802228 0.800289 -1.038329 -0.199563 0.000000  
0.460000 1.586872 -24.524885 0.818092 0.815813 -1.041593 -0.221829 0.000000  
0.470006 1.334756 -25.197800 0.831446 0.828818 -1.044627 -0.245941 0.000000  
0.480004 1.076442 -25.834226 0.842210 0.839240 -1.047318 -0.272008 0.000000  
0.490006 0.813176 -26.323643 0.850342 0.847061 -1.049548 -0.300210 0.000000  
0.500003 0.546647 -26.659637 0.855807 0.852275 -1.051185 -0.330691 0.000000  
0.510005 0.279214 -26.739273 0.858600 0.854915 -1.052094 -0.363645 0.000000  
0.520004 0.013993 -26.524079 0.858740 0.855048 -1.052137 -0.399218 0.000000  
0.530003 0.245135 23.115806 0.861191 0.852790 -1.051185 -0.437579 0.000000  
0.540002 0.493537 24.842053 0.866126 0.848306 -1.049124 -0.478876 0.000000  
0.550003 0.726188 23.263023 0.873389 0.841815 -1.045866 -0.523246 0.000000  
0.560004 0.940148 21.394046 0.882791 0.833568 -1.041350 -0.570900 0.000000  
0.570002 1.134304 19.419134 0.894132 0.823830 -1.035537 -0.622143 0.000000  
0.580005 1.306850 17.250531 0.907204 0.812869 -1.028414 -0.677373 0.000000  
0.590005 1.455717 14.885666 0.921762 0.800983 -1.020009 -0.736972 0.000000  
0.600002 1.578611 12.293215 0.937543 0.788473 -1.010389 -0.801387 0.000000  
0.610002 1.673202 9.459117 0.954275 0.775635 -0.999658 -0.871183 0.000000  
0.620003 1.737023 6.381455 0.971647 0.762777 -0.987976 -0.946934 0.000000  
0.630005 1.767456 3.042618 0.989325 0.750198 -0.975556 -1.029290 0.000000  
0.640004 1.761740 -0.571635 1.006939 0.738189 -0.962670 -1.118915 0.000000  
0.650003 1.716874 -4.486991 1.024107 0.727015 -0.949637 -1.216609 0.000000  
0.660004 1.629353 -8.750566 1.040403 0.716924 -0.936840 -1.323176 0.000000  
0.670004 1.494836 -13.452562 1.055350 0.708149 -0.924740 -1.439323 0.000000  
0.680000 1.307479 -18.742627 1.068420 0.700897 -0.913867 -1.565677 0.000000  
0.690002 1.056426 -25.100978 1.078986 0.695370 -0.904861 -1.702391 0.000000  
0.700000 0.726103 -33.038349 1.086246 0.691795 -0.898543 -1.847379 0.000000  
0.710002 0.313990 -41.201068 1.089387 0.690335 -0.895762 -1.996807 0.000000  
0.720003 0.177489 -13.649188 1.091162 0.691096 -0.897366 -2.144409 0.000000  
0.730003 0.744298 56.683539 1.098604 0.694149 -0.904153 -2.281529 0.000000  
0.740003 1.382385 63.806938 1.112429 0.699570 -0.916870 -2.397258 0.000000  
0.750003 2.088449 70.605941 1.133313 0.707479 -0.936199 -2.479375 0.000000  
0.760003 2.860517 77.206635 1.161919 0.718093 -0.962763 -2.516331 0.000000  
0.770002 3.623765 76.331044 1.198153 0.731491 -0.996429 -2.500582 0.000000  
0.780000 4.226557 60.291396 1.240410 0.747344 -1.035600 -2.435742 0.000000  
0.790002 4.759769 53.313086 1.288015 0.765748 -1.079504 -2.332309 0.000000  
0.800001 5.226030 46.629435 1.340272 0.786832 -1.127318 -2.202554 0.000000  
0.810003 5.622506 39.641025 1.396506 0.810734 -1.178220 -2.058049 0.000000  
0.820002 5.945312 32.282127 1.455956 0.837513 -1.231297 -1.908521 0.000000  
0.830001 6.190295 24.500770 1.517853 0.867153 -1.285636 -1.761134 0.000000  
0.840003 6.354324 16.399885 1.581408 0.899529 -1.340326 -1.620650 0.000000  
0.850004 6.438526 8.419735 1.645797 0.934377 -1.394469 -1.489933 0.000000  
0.860003 6.482681 4.415625 1.710623 0.971557 -1.447574 -1.369645 0.000000  
0.870005 6.518479 3.579344 1.775814 1.011054 -1.499438 -1.259235 0.000000  
0.880001 6.544960 2.649125 1.841240 1.052785 -1.549827 -1.158036 0.000000  
0.890000 6.561146 1.618737 1.906846 1.096685 -1.598581 -1.065188 0.000000  
0.900004 6.566873 0.572429 1.972541 1.142638 -1.645529 -0.979909 0.000000  
0.910005 6.562608 -0.426401 2.038176 1.190463 -1.690482 -0.901532 0.000000  
0.920002 6.549344 -1.326776 2.103649 1.239986 -1.733309 -0.829392 0.000000  
0.930002 6.528481 -2.086319 2.168934 1.291077 -1.773952 -0.762823 0.000000  
0.940006 6.501728 -2.674478 2.233973 1.343570 -1.812352 -0.701282 0.000000  
0.950004 6.471041 -3.069258 2.298670 1.397260 -1.848451 -0.644333 0.000000  
0.960001 6.438546 -3.250463 2.363038 1.452027 -1.882271 -0.591515 0.000000  
0.970004 6.406406 -3.213026 2.427121 1.507782 -1.913862 -0.542413 0.000000  
0.980003 6.376833 -2.957497 2.490885 1.564372 -1.943246 -0.496737 0.000000  
0.990003 6.347758 -2.907494 2.554362 1.621705 -1.970490 -0.454194 0.000000  
1.000001 6.305258 -4.251003 2.617399 1.679528 -1.995594 -0.414650 0.000000  
1.010003 6.249971 -5.527446 2.679913 1.737650 -2.018614 -0.377940 0.000000  
1.020002 6.186766 -6.320919 2.741777 1.795843 -2.039606 -0.343934 0.000000  
1.030005 6.119835 -6.691440 2.802991 1.854008 -2.058683 -0.312447 0.000000  
1.040003 6.052617 -6.723314 2.863503 1.912005 -2.075950 -0.283334 0.000000  
1.050002 5.987795 -6.482729 2.923376 1.969812 -2.091541 -0.256411 0.000000  
1.060001 5.927337 -6.046341 2.982644 2.027393 -2.105580 -0.231523 0.000000  
1.070002 5.872624 -5.470839 3.041376 2.084754 -2.118193 -0.208513 0.000000  
1.080005 5.824527 -4.808107 3.099641 2.141912 -2.129496 -0.187241 0.000000  
1.090004 5.783535 -4.099582 3.157470 2.198854 -2.139591 -0.167590 0.000000  
1.100002 5.749809 -3.373157 3.214958 2.255634 -2.148585 -0.149432 0.000000  
1.110002 5.723259 -2.655154 3.272188 2.312304 -2.156572 -0.132655 0.000000  
1.120004 5.703627 -1.962737 3.329239 2.368916 -2.163638 -0.117159 0.000000  
1.130005 5.690538 -1.308764 3.386148 2.425484 -2.169856 -0.102865 0.000000  
1.140004 5.683528 -0.701122 3.442976 2.482050 -2.175297 -0.089693 0.000000  
1.150005 5.682064 -0.146352 3.499806 2.538684 -2.180028 -0.077569 0.000000  
1.160003 5.685575 0.351193 3.556651 2.595381 -2.184106 -0.066441 0.000000  
1.170001 5.693457 0.788354 3.613574 2.652198 -2.187588 -0.056253 0.000000  
1.180003 5.705084 1.162474 3.670633 2.709181 -2.190524 -0.046960 0.000000  
1.190004 5.719800 1.471430 3.727840 2.766336 -2.192963 -0.038528 0.000000  
1.200002 5.736914 1.711726 3.785198 2.823660 -2.194950 -0.030934 0.000000  
1.210004 5.755697 1.878021 3.842762 2.881202 -2.196531 -0.024154 0.000000  
1.220003 5.739709 -1.598796 3.900155 2.938583 -2.197743 -0.018216 0.000000  
1.230002 5.562895 -17.683294 3.955779 2.994200 -2.198614 -0.013235 0.000000  
1.240002 5.373754 -18.914184 4.009516 3.047934 -2.199212 -0.009145 0.000000  
1.250004 5.191676 -18.203476 4.061445 3.099861 -2.199599 -0.005875 0.000000  
1.260001 5.015389 -17.635461 4.111580 3.149995 -2.199828 -0.003370 0.000000  
1.270003 4.843729 -17.162086 4.160028 3.198444 -2.199946 -0.001581 0.000000  
1.280000 4.675712 -16.806060 4.206773 3.245188 -2.199991 -0.000472 0.000000  
1.290003 4.510502 -16.516812 4.251889 3.290305 -2.200000 -0.000015 0.000000  
1.300002 4.297901 -21.261875 4.294865 3.333280 -2.200008 -0.000684 0.000000  
1.310001 3.989114 -30.882354 4.334751 3.373167 -2.200082 -0.003441 0.000000  
1.320004 3.694499 -29.450599 4.371710 3.410125 -2.200290 -0.008146 0.000000  
1.330003 3.412591 -28.194827 4.405831 3.444244 -2.200672 -0.014668 0.000000  
1.340001 3.139058 -27.357711 4.437217 3.475624 -2.201256 -0.022928 0.000000  
1.350001 2.870276 -26.878044 4.465919 3.504316 -2.202050 -0.032881 0.000000  
1.360001 2.603342 -26.694508 4.491952 3.530329 -2.203050 -0.044513 0.000000  
1.370006 2.335737 -26.746228 4.515322 3.553668 -2.204238 -0.057846 0.000000  
1.380006 2.065386 -27.034895 4.535976 3.574279 -2.205579 -0.072904 0.000000  
1.390005 1.790513 -27.492356 4.553877 3.592122 -2.207023 -0.089755 0.000000  
1.400006 1.509338 -28.113662 4.568973 3.607145 -2.208505 -0.108495 0.000000  
1.410004 1.220416 -28.897151 4.581175 3.619263 -2.209938 -0.129224 0.000000  
1.420001 0.922579 -29.792510 4.590398 3.628397 -2.211215 -0.152084 0.000000  
1.430001 0.614784 -30.780804 4.596546 3.634464 -2.212206 -0.177249 0.000000  
1.440002 0.296385 -31.836268 4.599510 3.637377 -2.212755 -0.204913 0.000000  
1.450006 0.032761 -26.351818 4.599838 3.637059 -2.212676 -0.235307 0.000000  
1.460003 0.371938 33.928567 4.603556 3.633455 -2.211760 -0.268657 0.000000  
1.470006 0.719841 34.780006 4.610756 3.626536 -2.209766 -0.305306 0.000000  
1.480004 1.074018 35.424747 4.621494 3.616328 -2.206435 -0.345543 0.000000  
1.490003 1.430567 35.657253 4.635799 3.602904 -2.201493 -0.389764 0.000000  
1.500007 1.784296 35.358723 4.653649 3.586414 -2.194659 -0.438394 0.000000  
1.510002 2.127990 34.388882 4.674917 3.567131 -2.185686 -0.491799 0.000000  
1.520004 2.453414 32.534007 4.699457 3.545370 -2.174343 -0.550549 0.000000  
1.530004 2.758618 30.519909 4.727044 3.521536 -2.160452 -0.615259 0.000000  
1.540006 3.045462 28.680563 4.757503 3.496008 -2.143838 -0.686931 0.000000  
1.550003 3.311327 26.592791 4.790608 3.469223 -2.124382 -0.766767 0.000000  
1.560001 3.553020 24.175455 4.826129 3.441632 -2.102010 -0.856358 0.000000  
1.570002 3.767276 21.423207 4.863806 3.413711 -2.076712 -0.957768 0.000000  
1.580003 3.950735 18.344476 4.903317 3.385970 -2.048578 -1.073606 0.000000  
1.590007 4.100234 14.942879 4.944338 3.358899 -2.017757 -1.207454 0.000000  
1.600004 4.212984 11.279098 4.986453 3.333008 -1.984541 -1.363925 0.000000  
1.610004 4.286866 7.387581 5.029325 3.308702 -1.949225 -1.549886 0.000000  
1.620006 4.320545 3.367421 5.072537 3.286373 -1.912230 -1.774894 0.000000  
1.630005 4.313507 -0.703855 5.115666 3.266336 -1.874037 -2.053154 0.000000  
1.640003 4.232044 -8.147320 5.157982 3.248936 -1.835464 -2.403729 0.000000  
1.650004 3.897217 -33.481046 5.196956 3.234956 -1.799084 -2.832084 0.000000  
1.660004 3.507492 -38.971364 5.232032 3.224105 -1.765729 -3.356924 0.000000  
1.670003 3.120564 -38.699469 5.263232 3.215871 -1.735634 -4.008300 0.000000  
1.680010 2.749368 -37.091342 5.290747 3.209750 -1.708809 -4.830464 0.000000  
1.690010 2.402005 -34.738086 5.314766 3.205302 -1.685206 -5.886012 0.000000  
1.700000 2.082708 -31.959715 5.335573 3.202141 -1.664640 -7.271822 0.000000  
1.710011 1.792070 -29.031829 5.353514 3.199943 -1.646834 -9.148203 0.000000  
1.720014 1.529243 -26.275521 5.368810 3.198464 -1.631610 -11.771025 0.000000  
1.730006 1.292566 -23.685649 5.381726 3.197504 -1.618729 -15.600733 0.000000  
1.740014 1.079024 -21.338571 5.392524 3.196909 -1.607948 -21.545596 0.000000  
1.750028 0.885434 -19.331702 5.401391 3.196563 -1.599088 -31.558011 0.000000  
1.760004 0.709160 -17.670246 5.408465 3.196381 -1.592016 -50.533822 0.000000  
1.770042 0.546596 -16.193508 5.413953 3.196298 -1.586529 -95.629447 0.000000  
1.780028 0.394837 -15.198287 5.417895 3.196270 -1.582587 -270.850638 0.000000  
1.790089 198.781218 19717.782988 7.417891 5.196265 -1.581518 1329.678055 0.000000  
1.800017 0.737184 -19948.161281 7.425210 5.196241 -1.588836 169.763821 0.000000  
1.810040 1.064187 32.624037 7.435877 5.196139 -1.599502 74.867754 0.000000  
1.820021 1.383447 31.987083 7.449685 5.195888 -1.613308 43.511692 0.000000  
1.830010 1.691057 30.796357 7.466576 5.195401 -1.630192 28.820916 0.000000  
1.840008 1.985544 29.454797 7.486427 5.194577 -1.650027 20.668912 0.000000  
1.850021 2.264932 27.902292 7.509106 5.193305 -1.672670 15.647392 0.000000  
1.860018 2.527114 26.225747 7.534370 5.191479 -1.697868 12.334667 0.000000  
1.870001 2.770387 24.369347 7.562026 5.188989 -1.725411 10.029646 0.000000  
1.880005 2.994302 22.382482 7.591981 5.185722 -1.755188 8.353992 0.000000  
1.890012 3.198549 20.408824 7.623992 5.181586 -1.786930 7.098860 0.000000  
1.900013 3.382790 18.423333 7.657821 5.176505 -1.820375 6.134768 0.000000  
1.910012 3.547432 16.466049 7.693291 5.170407 -1.855318 5.377355 0.000000  
1.920002 3.693342 14.605674 7.730188 5.163249 -1.891513 4.771574 0.000000  
1.930001 3.821808 12.847967 7.768401 5.154979 -1.928821 4.278403 0.000000  
1.940000 3.934362 11.255907 7.807743 5.145580 -1.967024 3.871664 0.000000  
1.950004 4.032638 9.823803 7.848085 5.135039 -2.005964 3.531960 0.000000  
1.960004 4.118401 8.576475 7.889268 5.123363 -2.045457 3.245358 0.000000  
1.970001 4.193457 7.507419 7.931193 5.110560 -2.085380 3.001106 0.000000  
1.980008 4.259655 6.615756 7.973816 5.096632 -2.125662 2.790869 0.000000  
1.990001 4.318679 5.906094 8.016975 5.081626 -2.166129 2.608808 0.000000  
2.000000 4.372114 5.344141 8.060691 5.065538 -2.206777 2.449671 0.000000  
2.010000 4.421444 4.932879 8.104907 5.048395 -2.247534 2.309668 0.000000  
2.020006 4.467947 4.647521 8.149613 5.030211 -2.288375 2.185655 0.000000  
2.030003 4.512712 4.478000 8.194725 5.011032 -2.329207 2.075310 0.000000  
2.040001 4.556680 4.397560 8.240284 4.990856 -2.370055 1.976460 0.000000  
2.050002 4.600673 4.399089 8.286293 4.969697 -2.410910 1.887436 0.000000  
2.060004 4.645346 4.466364 8.332756 4.947568 -2.451765 1.806864 0.000000  
2.070006 4.691224 4.586791 8.379678 4.924482 -2.492615 1.733609 0.000000  
2.080006 4.738715 4.749362 8.427063 4.900451 -2.533455 1.666721 0.000000  
2.090008 4.788152 4.942613 8.474955 4.875467 -2.574313 1.605353 0.000000  
2.100000 4.839759 5.164636 8.523316 4.849564 -2.615152 1.548885 0.000000  
2.110003 4.893734 5.396234 8.572265 4.822689 -2.656064 1.496619 0.000000  
2.120001 4.950219 5.649183 8.621761 4.794875 -2.697005 1.448125 0.000000  
2.130006 5.009284 5.903789 8.671877 4.766089 -2.738029 1.402923 0.000000  
2.140002 5.070966 6.170283 8.722569 4.736365 -2.779092 1.360700 0.000000  
2.150007 5.135289 6.429421 8.773945 4.705646 -2.820273 1.321061 0.000000  
2.160004 5.202259 6.698745 8.825954 4.673969 -2.861522 1.283779 0.000000  
2.170002 5.271836 6.959325 8.878660 4.641298 -2.902881 1.248574 0.000000  
2.180007 5.344049 7.217788 8.932126 4.607597 -2.944389 1.215203 0.000000  
2.190003 5.418836 7.481822 8.986293 4.572907 -2.985989 1.183523 0.000000  
2.200003 5.496159 7.731973 9.041257 4.537164 -3.027744 1.153318 0.000000  
2.210006 5.576032 7.984979 9.097033 4.500360 -3.069654 1.124438 0.000000  
2.220002 5.658385 8.238429 9.153595 4.462510 -3.111685 1.096771 0.000000  
2.230003 5.743203 8.480957 9.211033 4.423550 -3.153891 1.070157 0.000000  
2.240006 5.830511 8.728069 9.269356 4.383472 -3.196261 1.044493 0.000000  
2.250001 5.920242 8.977619 9.328529 4.342294 -3.238756 1.019700 0.000000  
2.260005 6.012429 9.214922 9.388678 4.299923 -3.281448 0.995640 0.000000  
2.270001 6.107081 9.469243 9.449723 4.256407 -3.324260 0.972268 0.000000  
2.280005 6.204215 9.709899 9.511787 4.211652 -3.367260 0.949467 0.000000  
2.290005 6.303888 9.967141 9.574827 4.165680 -3.410394 0.927188 0.000000  
2.300004 6.406102 10.222702 9.638880 4.118452 -3.453663 0.905355 0.000000  
2.310002 6.510933 10.484583 9.703980 4.069932 -3.497067 0.883901 0.000000  
2.320002 6.618471 10.754387 9.770161 4.020083 -3.540599 0.862760 0.000000  
2.330002 6.728819 11.033849 9.837455 3.968866 -3.584249 0.841873 0.000000  
2.340005 6.842093 11.324836 9.905891 3.916244 -3.628003 0.821182 0.000000  
2.350002 6.958387 11.632790 9.975455 3.862211 -3.671816 0.800646 0.000000  
2.360005 7.077883 11.945732 10.046257 3.806664 -3.715718 0.780187 0.000000  
2.370001 7.200745 12.290993 10.118236 3.749631 -3.759630 0.759779 0.000000  
2.380006 7.327187 12.638557 10.191541 3.690974 -3.803595 0.739340 0.000000  
2.390004 7.457448 13.027701 10.266106 3.630721 -3.847523 0.718844 0.000000  
2.400000 7.591709 13.431544 10.341992 3.568802 -3.891393 0.698235 0.000000  
2.410001 7.730320 13.860470 10.419299 3.505107 -3.935203 0.677444 0.000000  
2.420002 7.817667 8.733404 10.497487 3.440060 -3.978589 0.656574 0.000000  
2.430005 7.732070 -8.557637 10.574826 3.375106 -4.020568 0.636040 0.000000  
2.440002 7.635980 -9.611832 10.651163 3.310399 -4.061070 0.615838 0.000000  
2.450004 7.541995 -9.396196 10.726602 3.245878 -4.100160 0.595902 0.000000  
2.460002 7.449801 -9.221860 10.801080 3.181621 -4.137818 0.576215 0.000000  
2.470000 7.359116 -9.069498 10.874664 3.117597 -4.174086 0.556733 0.000000  
2.480003 7.269603 -8.949044 10.947378 3.053805 -4.208985 0.537427 0.000000  
2.490000 7.180996 -8.863186 11.019167 2.990318 -4.242497 0.518292 0.000000  
2.500001 7.092995 -8.799464 11.090102 2.927095 -4.274664 0.499295 0.000000  
2.510003 7.005259 -8.771521 11.160172 2.864170 -4.305489 0.480427 0.000000  
2.520006 6.917483 -8.775281 11.229365 2.801574 -4.334975 0.461685 0.000000  
2.530002 6.829373 -8.814585 11.297631 2.739377 -4.363112 0.443077 0.000000  
2.540003 6.740566 -8.879904 11.365043 2.677534 -4.389942 0.424580 0.000000  
2.550003 6.650678 -8.988517 11.431551 2.616114 -4.415456 0.406210 0.000000  
2.560003 6.559367 -9.130734 11.497148 2.555148 -4.439665 0.387972 0.000000  
2.570005 6.466249 -9.309987 11.561823 2.494669 -4.462582 0.369874 0.000000  
2.580005 6.370959 -9.529699 11.625528 2.434748 -4.484208 0.351938 0.000000  
2.590004 6.273131 -9.783794 11.688252 2.375417 -4.504562 0.334179 0.000000  
2.600005 6.172368 -10.074442 11.749988 2.316712 -4.523665 0.316610 0.000000  
2.610001 6.068347 -10.407033 11.810642 2.258744 -4.541516 0.299273 0.000000  
2.620000 5.960730 -10.762379 11.870246 2.201509 -4.558155 0.282174 0.000000  
2.630002 5.849165 -11.154570 11.928748 2.145084 -4.573603 0.265347 0.000000  
2.640004 5.733407 -11.572956 11.986096 2.089542 -4.587882 0.248826 0.000000  
2.650006 5.613258 -12.012587 12.042239 2.034958 -4.601022 0.232644 0.000000  
2.660007 5.488575 -12.467664 12.097128 1.981405 -4.613057 0.216837 0.000000  
2.670005 5.359282 -12.931631 12.150711 1.928957 -4.624026 0.201442 0.000000  
2.680000 5.225370 -13.397325 12.202941 1.877682 -4.633971 0.186494 0.000000  
2.690000 5.086852 -13.852045 12.253808 1.827613 -4.642946 0.172015 0.000000  
2.700004 4.943812 -14.298046 12.303267 1.778814 -4.650999 0.158042 0.000000  
2.710005 4.796515 -14.728502 12.351236 1.731385 -4.658176 0.144616 0.000000  
2.720002 4.645310 -15.124723 12.397676 1.685382 -4.664533 0.131766 0.000000  
2.730004 4.490505 -15.478566 12.442587 1.640822 -4.670131 0.119510 0.000000  
2.740000 4.332531 -15.802455 12.485898 1.597787 -4.675023 0.107880 0.000000  
2.750000 4.171875 -16.065565 12.527617 1.556285 -4.679271 0.096889 0.000000  
2.760003 4.009004 -16.282809 12.567718 1.516352 -4.682933 0.086551 0.000000  
2.770007 3.844489 -16.444653 12.606179 1.478019 -4.686065 0.076879 0.000000  
2.780002 3.679008 -16.556927 12.642949 1.441344 -4.688719 0.067887 0.000000  
2.790004 3.513102 -16.587852 12.678086 1.406279 -4.690953 0.059562 0.000000  
2.800010 3.347236 -16.575926 12.711580 1.372837 -4.692816 0.051902 0.000000  
2.810008 3.182101 -16.516782 12.743395 1.341059 -4.694353 0.044907 0.000000  
2.820003 3.018298 -16.387912 12.773564 1.310916 -4.695610 0.038557 0.000000  
2.830002 2.856230 -16.208646 12.802123 1.282375 -4.696628 0.032829 0.000000  
2.840011 2.696252 -15.983245 12.829110 1.255401 -4.697444 0.027698 0.000000  
2.850001 2.538958 -15.746149 12.854472 1.230046 -4.698088 0.023151 0.000000  
2.860012 2.384610 -15.417428 12.878345 1.206179 -4.698592 0.019139 0.000000  
2.870013 2.233432 -15.116853 12.900681 1.183846 -4.698980 0.015644 0.000000  
2.880006 2.085881 -14.765473 12.921525 1.163004 -4.699275 0.012628 0.000000  
2.890009 1.941967 -14.385845 12.940952 1.143578 -4.699495 0.010047 0.000000  
2.900014 1.801750 -14.015593 12.958978 1.125554 -4.699656 0.007869 0.000000  
2.910005 1.665452 -13.641736 12.975618 1.108914 -4.699771 0.006057 0.000000  
2.920002 1.533031 -13.245555 12.990944 1.093588 -4.699853 0.004568 0.000000  
2.930010 1.404283 -12.864644 13.004998 1.079534 -4.699908 0.003365 0.000000  
2.940012 1.279193 -12.506783 13.017792 1.066740 -4.699945 0.002413 0.000000  
2.950008 1.157720 -12.152077 13.029365 1.055168 -4.699968 0.001677 0.000000  
2.960026 1.039516 -11.799770 13.039778 1.044754 -4.699983 0.001121 0.000000  
2.970014 0.924506 -11.514582 13.049012 1.035520 -4.699991 0.000716 0.000000  
2.980030 0.812405 -11.191607 13.057150 1.027383 -4.699996 0.000431 0.000000  
2.990011 0.702975 -10.964391 13.064166 1.020367 -4.699998 0.000241 0.000000  
3.000030 0.595869 -10.690415 13.070136 1.014397 -4.699999 0.000121 0.000000  
3.010056 0.490547 -10.504135 13.075054 1.009478 -4.700000 0.000053 0.000000  
3.020024 0.387192 -10.369171 13.078914 1.005619 -4.700000 0.000019 0.000000  
3.030070 0.285098 -10.162224 13.081778 1.002754 -4.700000 0.000004 0.000000  
3.040187 0.183267 -10.065806 13.083632 1.000900 -4.700000 0.000000 0.000000  
3.050253 0.082002 -10.059664 13.084457 1.000075 -4.700000 0.000000 0.000000  
