Potato
291
0.000000 0.000000 0.000000 0.000025 0.000000 0.000000 -0.000000 0.000000  
0.010000 0.052500 5.250000 0.000550 0.000525 0.000000 0.000000 0.000020  
0.020000 0.150000 9.750000 0.002050 0.002025 0.000000 0.000000 0.000050  
0.030000 0.250000 10.000000 0.004550 0.004525 0.000000 0.000000 0.000107  
0.040000 0.350000 9.999999 0.008050 0.008025 0.000000 0.000001 0.000193  
0.050000 0.450000 9.999997 0.012550 0.012525 0.000000 0.000002 0.000302  
0.060000 0.550000 9.999994 0.018050 0.018025 0.000000 0.000004 0.000421  
0.070000 0.650001 9.999989 0.024550 0.024525 0.000000 0.000007 0.000582  
0.080000 0.750001 9.999983 0.032050 0.032025 0.000000 0.000012 0.000755  
0.090000 0.850002 9.999975 0.040550 0.040525 0.000000 0.000019 0.000957  
0.100000 0.950004 9.999965 0.050050 0.050025 0.000000 0.000029 0.001164  
0.110001 1.050006 9.999952 0.060551 0.060526 0.000001 0.000043 0.001403  
0.120001 1.150010 9.999937 0.072051 0.072026 0.000001 0.000060 0.001655  
0.130002 1.250015 9.999918 0.084552 0.084527 0.000002 0.000083 0.001921  
0.140003 1.350022 9.999897 0.098054 0.098029 0.000004 0.000111 0.002212  
0.150004 1.450032 9.999872 0.112556 0.112531 0.000006 0.000145 0.002520  
0.160005 1.550044 9.999845 0.128058 0.128033 0.000008 0.000187 0.002841  
0.170007 1.650059 9.999813 0.144562 0.144537 0.000012 0.000236 0.003167  
0.180009 1.750079 9.999778 0.162066 0.162041 0.000016 0.000295 0.003510  
0.190012 1.850104 9.999740 0.180572 0.180547 0.000022 0.000363 0.003875  
0.200003 1.950072 10.005955 0.200055 0.200030 0.000030 0.000442 0.004233  
0.210007 2.050049 9.993105 0.220565 0.220540 0.000040 0.000533 0.004602  
0.220001 2.150042 10.005317 0.242053 0.242028 0.000053 0.000636 0.004977  
0.230008 2.250046 9.993645 0.264568 0.264543 0.000068 0.000752 0.005370  
0.240005 2.350066 10.004748 0.288062 0.288037 0.000087 0.000883 0.005746  
0.250004 2.450048 9.999053 0.312561 0.312536 0.000111 0.001029 0.006129  
0.260005 2.550049 9.999034 0.338064 0.338039 0.000139 0.001190 0.006511  
0.270009 2.650070 9.999005 0.364573 0.364548 0.000173 0.001368 0.006888  
0.280005 2.750067 10.003440 0.392063 0.392038 0.000213 0.001563 0.007276  
0.290004 2.850043 9.998617 0.420561 0.420536 0.000261 0.001775 0.007644  
0.300006 2.950047 9.998598 0.450067 0.450042 0.000317 0.002006 0.008010  
0.310002 3.050039 10.002612 0.480557 0.480531 0.000381 0.002256 0.008361  
0.320002 3.150023 9.998284 0.512057 0.512032 0.000457 0.002524 0.008697  
0.330006 3.250040 9.998265 0.544569 0.544543 0.000543 0.002813 0.009030  
0.340005 3.350056 10.001925 0.578068 0.578043 0.000643 0.003120 0.009337  
0.350002 3.450038 10.001579 0.612557 0.612531 0.000756 0.003448 0.009636  
0.360003 3.550025 9.997777 0.648061 0.648035 0.000885 0.003795 0.009909  
0.370002 3.650024 10.001159 0.684556 0.684530 0.001030 0.004161 0.010163  
0.380005 3.750035 9.997574 0.722070 0.722043 0.001193 0.004547 0.010393  
0.390001 3.850030 10.004008 0.760553 0.760526 0.001376 0.004951 0.010605  
0.400002 3.950014 9.997235 0.800057 0.800030 0.001580 0.005373 0.010784  
0.410002 4.050021 10.000308 0.840559 0.840531 0.001806 0.005813 0.010937  
0.420003 4.150025 10.000096 0.882061 0.882032 0.002057 0.006270 0.011067  
0.430003 4.250029 9.999902 0.924563 0.924533 0.002333 0.006742 0.011165  
0.440004 4.350037 9.999724 0.968068 0.968037 0.002637 0.007230 0.011228  
0.450000 4.450024 10.002362 1.012552 1.012520 0.002970 0.007730 0.011265  
0.460004 4.550022 9.996558 1.058067 1.058033 0.003333 0.008243 0.011261  
0.470003 4.650035 10.001970 1.104564 1.104529 0.003729 0.008766 0.011230  
0.480004 4.750037 9.999061 1.152070 1.152033 0.004158 0.009298 0.011167  
0.490002 4.850034 10.001542 1.200562 1.200522 0.004622 0.009837 0.011059  
0.500003 4.950027 9.998784 1.250064 1.250022 0.005122 0.010381 0.010921  
0.510001 5.050021 10.001201 1.300555 1.300510 0.005660 0.010928 0.010740  
0.520002 5.150016 9.998583 1.352060 1.352012 0.006237 0.011475 0.010527  
0.530001 5.250016 10.000943 1.404556 1.404504 0.006854 0.012022 0.010277  
0.540003 5.350023 9.998456 1.458068 1.458012 0.007512 0.012564 0.009984  
0.550004 5.450037 10.000764 1.512572 1.512511 0.008211 0.013100 0.009662  
0.560003 5.550037 10.000663 1.568068 1.568003 0.008953 0.013626 0.009307  
0.570001 5.650024 10.000586 1.624558 1.624487 0.009737 0.014140 0.008904  
0.580003 5.750022 9.998343 1.682066 1.681989 0.010564 0.014640 0.008466  
0.590003 5.850031 10.000569 1.740569 1.740485 0.011435 0.015121 0.007991  
0.600002 5.950028 10.000553 1.800064 1.799973 0.012348 0.015582 0.007494  
0.610000 6.050014 10.000559 1.860552 1.860454 0.013304 0.016019 0.006956  
0.620001 6.150009 9.998536 1.922058 1.921952 0.014302 0.016429 0.006382  
0.630001 6.250012 10.000696 1.984556 1.984441 0.015341 0.016810 0.005781  
0.640003 6.350019 9.998773 2.048069 2.047945 0.016420 0.017157 0.005155  
0.650003 6.450030 10.000904 2.112570 2.112436 0.017536 0.017468 0.004488  
0.660001 6.550022 10.001005 2.178058 2.177914 0.018689 0.017739 0.003803  
0.670001 6.650010 9.999223 2.244556 2.244402 0.019877 0.017969 0.003092  
0.680002 6.750013 9.999442 2.312061 2.311896 0.021096 0.018153 0.002361  
0.690003 6.850023 9.999674 2.380571 2.380394 0.022344 0.018289 0.001612  
0.700001 6.950019 10.001738 2.450057 2.449868 0.023618 0.018373 0.000843  
0.710002 7.050015 9.998329 2.520565 2.520365 0.024915 0.018405 0.000052  
0.720002 7.149956 9.993707 2.592067 2.591855 0.026230 0.018380 -0.000742  
0.730001 7.249947 10.000231 2.664559 2.664334 0.027559 0.018297 -0.001549  
0.740002 7.349943 9.999279 2.738061 2.737824 0.028899 0.018153 -0.002359  
0.750003 7.449950 9.999638 2.812568 2.812319 0.030244 0.017948 -0.003161  
0.760000 7.549943 10.001674 2.888050 2.887789 0.031589 0.017678 -0.003972  
0.770001 7.649712 9.976283 2.964552 2.964279 0.032929 0.017344 -0.004764  
0.780003 7.640494 -0.921552 3.040973 3.040689 0.034239 0.016950 -0.005534  
0.790002 7.540489 -10.001645 3.116370 3.116076 0.035501 0.016505 -0.006268  
0.800001 7.440501 -10.000185 3.190765 3.190460 0.036710 0.016013 -0.006962  
0.810002 7.340501 -9.998615 3.264180 3.263867 0.037867 0.015477 -0.007609  
0.820003 7.240491 -10.000457 3.336588 3.336267 0.038967 0.014904 -0.008216  
0.830002 7.140492 -10.000577 3.407989 3.407659 0.040009 0.014298 -0.008769  
0.840004 7.040487 -9.998859 3.478405 3.478069 0.040994 0.013662 -0.009277  
0.850000 6.940496 -10.002529 3.547786 3.547444 0.041919 0.013003 -0.009724  
0.860003 6.840501 -9.997054 3.616208 3.615860 0.042785 0.012324 -0.010121  
0.870004 6.740483 -10.000691 3.683621 3.683268 0.043593 0.011630 -0.010458  
0.880004 6.640478 -10.000676 3.750024 3.749667 0.044342 0.010925 -0.010743  
0.890002 6.540487 -10.000634 3.815419 3.815058 0.045033 0.010215 -0.010967  
0.900003 6.440488 -9.998590 3.879832 3.879468 0.045668 0.009504 -0.011127  
0.910004 6.340480 -10.000409 3.943240 3.942873 0.046248 0.008795 -0.011229  
0.920004 6.240478 -10.000283 4.005644 4.005275 0.046775 0.008093 -0.011270  
0.930003 6.140480 -10.000130 4.067046 4.066676 0.047251 0.007401 -0.011243  
0.940003 6.040484 -9.999951 4.127449 4.127078 0.047678 0.006724 -0.011159  
0.950003 5.940484 -9.999745 4.186855 4.186482 0.048057 0.006065 -0.011011  
0.960000 5.840499 -10.001683 4.245242 4.244868 0.048393 0.005428 -0.010804  
0.970003 5.740502 -9.997119 4.302662 4.302287 0.048687 0.004815 -0.010533  
0.980003 5.640489 -10.001212 4.359067 4.358692 0.048942 0.004230 -0.010206  
0.990001 5.540498 -10.001017 4.414461 4.414086 0.049161 0.003675 -0.009820  
1.000002 5.440503 -9.998478 4.468872 4.468496 0.049346 0.003153 -0.009367  
1.010002 5.340497 -10.000487 4.522278 4.521902 0.049502 0.002665 -0.008869  
1.020002 5.240498 -10.000233 4.574681 4.574304 0.049629 0.002215 -0.008303  
1.030001 5.140502 -9.999961 4.626084 4.625708 0.049733 0.001804 -0.007693  
1.040001 5.040503 -9.999671 4.676490 4.676114 0.049814 0.001433 -0.007030  
1.050003 4.940494 -9.999365 4.725903 4.725526 0.049876 0.001103 -0.006314  
1.060001 4.840495 -10.001652 4.774299 4.773923 0.049923 0.000815 -0.005555  
1.070002 4.740501 -9.998808 4.821707 4.821330 0.049955 0.000571 -0.004751  
1.080005 4.640480 -9.998455 4.868129 4.867752 0.049977 0.000370 -0.003904  
1.090002 4.540481 -10.003652 4.913517 4.913140 0.049990 0.000213 -0.003018  
1.100002 4.440497 -9.997943 4.957924 4.957547 0.049997 0.000099 -0.002098  
1.110002 4.340498 -10.000463 5.001326 5.000950 0.050000 0.000028 -0.001141  
1.120001 4.240506 -10.000258 5.043727 5.043350 0.050000 0.000001 -0.000159  
1.130004 4.140494 -9.997975 5.085145 5.084768 0.049980 -0.001762 -0.100695  
1.140000 4.040492 -10.003759 5.125535 5.125158 0.049795 -0.008127 -0.213835  
1.150002 3.940499 -9.997717 5.164947 5.164566 0.049281 -0.018686 -0.321701  
1.160005 3.840471 -9.999157 5.203366 5.202972 0.048301 -0.033042 -0.425740  
1.170005 3.740454 -10.002342 5.240767 5.240342 0.046745 -0.050845 -0.527082  
1.180003 3.640467 -10.000733 5.277165 5.276671 0.044529 -0.071799 -0.626680  
1.190006 3.540462 -9.997399 5.312581 5.311963 0.041584 -0.095651 -0.725357  
1.200003 3.440462 -10.003005 5.346975 5.346156 0.037871 -0.122125 -0.823575  
1.210006 3.340463 -9.996869 5.380390 5.379263 0.033359 -0.151011 -0.921923  
1.220001 3.240477 -10.004013 5.412777 5.411211 0.028048 -0.182030 -1.020570  
1.230004 3.140491 -9.995594 5.444191 5.442025 0.021939 -0.214998 -1.119909  
1.240007 3.041785 -9.867556 5.474618 5.471663 0.015061 -0.249663 -1.220071  
1.250004 2.955489 -8.631898 5.504165 5.500204 0.007425 -0.285921 -1.321400  
1.260001 2.885372 -7.013881 5.533010 5.527796 -0.000980 -0.323794 -1.424622  
1.270002 2.829247 -5.611583 5.561307 5.554558 -0.010167 -0.363322 -1.530301  
1.280002 2.785530 -4.371796 5.589162 5.580564 -0.020145 -0.404518 -1.638886  
1.290007 2.753048 -3.246594 5.616706 5.605905 -0.030933 -0.447458 -1.751002  
1.300001 2.730933 -2.212878 5.643998 5.630608 -0.042532 -0.492133 -1.866996  
1.310005 2.718512 -1.241539 5.671194 5.654783 -0.054986 -0.538711 -1.987586  
1.320008 2.715280 -0.323153 5.698355 5.678452 -0.068305 -0.587228 -2.113249  
1.330008 2.720862 0.558121 5.725565 5.701657 -0.082511 -0.637774 -2.244516  
1.340007 2.734968 1.410769 5.752911 5.724439 -0.097634 -0.690458 -2.381982  
1.350006 2.757388 2.242339 5.780482 5.746837 -0.113708 -0.745410 -2.526339  
1.360007 2.787983 3.059099 5.808365 5.768888 -0.130771 -0.802777 -2.678388  
1.370006 2.826656 3.867897 5.836628 5.790608 -0.148851 -0.862676 -2.838733  
1.380006 2.873357 4.670002 5.865361 5.812032 -0.167996 -0.925289 -3.008329  
1.390003 2.928074 5.472954 5.894635 5.833173 -0.188243 -0.990766 -3.187978  
1.400004 2.990835 6.275730 5.924546 5.854062 -0.209647 -1.059330 -3.378790  
1.410005 3.061707 7.086707 5.955165 5.874710 -0.232254 -1.131168 -3.581822  
1.420003 3.140755 7.906308 5.986567 5.895127 -0.256110 -1.206480 -3.798126  
1.430005 3.228109 8.733441 6.018855 5.915339 -0.281287 -1.285557 -4.029254  
1.440001 3.323694 9.562236 6.052079 5.935337 -0.307816 -1.368572 -4.276241  
1.450002 3.423501 9.979765 6.086317 5.955127 -0.335753 -1.455783 -4.540755  
1.460004 3.523516 9.999970 6.121557 5.974665 -0.365080 -1.547229 -4.823681  
1.470001 3.623512 10.002464 6.157782 5.993910 -0.395767 -1.642932 -5.125704  
1.480004 3.723517 9.997173 6.195030 6.012857 -0.427834 -1.743066 -5.448357  
1.490006 3.823543 10.001157 6.233271 6.031469 -0.461238 -1.847632 -5.792586  
1.500004 3.923546 10.001555 6.272501 6.049728 -0.495958 -1.956700 -6.159159  
1.510007 4.023552 9.998380 6.312746 6.067632 -0.531999 -2.070427 -6.549606  
1.520001 4.123534 10.004237 6.353956 6.085152 -0.569298 -2.188766 -6.964690  
1.530007 4.223539 9.993773 6.396220 6.102318 -0.607917 -2.312063 -7.406207  
1.540004 4.323559 10.004834 6.439444 6.119088 -0.647753 -2.440144 -7.874521  
1.550003 4.423538 9.999482 6.483672 6.135480 -0.688830 -2.573240 -8.371040  
1.560004 4.523535 9.998716 6.528911 6.151496 -0.731138 -2.711472 -8.896966  
1.570008 4.623562 9.998277 6.575168 6.167141 -0.774667 -2.854956 -9.453009  
1.580008 4.723583 10.002313 6.622403 6.182404 -0.819367 -3.003668 -10.039711  
1.590003 4.823557 10.002397 6.670614 6.197292 -0.865220 -3.157688 -10.657580  
1.600001 4.923521 9.998501 6.719839 6.211823 -0.912250 -3.317214 -11.306930  
1.610001 5.023509 9.998986 6.770073 6.226001 -0.960441 -3.482302 -11.988157  
1.620001 5.123509 9.999630 6.821310 6.239833 -1.009774 -3.652985 -12.699869  
1.630001 5.223507 10.000411 6.873542 6.253324 -1.060233 -3.829271 -13.441808  
1.640005 5.323527 9.997138 6.926803 6.266491 -1.111840 -4.011286 -14.212128  
1.650005 5.423551 10.002320 6.981039 6.279330 -1.164533 -4.198824 -15.008018  
1.660007 5.523556 9.999246 7.036281 6.291858 -1.218335 -4.391939 -15.826325  
1.670007 5.623562 10.000429 7.092518 6.304083 -1.273226 -4.590490 -16.663227  
1.680003 5.723543 10.001679 7.149733 6.316010 -1.329183 -4.794275 -17.511731  
1.690002 5.823516 9.998851 7.207959 6.327658 -1.386231 -5.003206 -18.366217  
1.700008 5.923536 9.996119 7.267229 6.339042 -1.444397 -5.217132 -19.218337  
1.710002 6.023533 10.005813 7.327428 6.350152 -1.503561 -5.435294 -20.054771  
1.720005 6.123518 9.994961 7.388685 6.361022 -1.563845 -5.657732 -20.867230  
1.730007 6.223544 10.000640 7.450932 6.371652 -1.625177 -5.883673 -21.639093  
1.740004 6.323536 10.002237 7.514148 6.382049 -1.687531 -6.112413 -22.352323  
1.750001 6.423503 9.999815 7.578363 6.392231 -1.750934 -6.343313 -22.990345  
1.760002 6.523492 9.997497 7.643608 6.402213 -1.815409 -6.575608 -23.532056  
1.770005 6.623508 9.999298 7.709858 6.412005 -1.880931 -6.808205 -23.953846  
1.780004 6.723515 10.001136 7.777090 6.421615 -1.947472 -7.039864 -24.229165  
1.790005 6.823515 9.999040 7.845332 6.431062 -2.015057 -7.269377 -24.332065  
1.800004 6.923509 10.001012 7.914556 6.440354 -2.083653 -7.495195 -24.236609  
1.810003 7.023496 9.999101 7.984788 6.449509 -2.153286 -7.715791 -23.911808  
1.820007 7.123513 9.997330 8.056054 6.458546 -2.223976 -7.929472 -23.337307  
1.830004 7.223516 10.003435 8.128266 6.467467 -2.295635 -8.134076 -22.482989  
1.840005 7.323498 9.997963 8.201503 6.476299 -2.368337 -8.327801 -21.333116  
1.850003 7.423491 10.000378 8.275730 6.485054 -2.442045 -8.508412 -19.874020  
1.860004 7.523482 9.999070 8.350965 6.493751 -2.516776 -8.673747 -18.092660  
1.870007 7.623496 9.997942 8.427227 6.502411 -2.592544 -8.821580 -15.996971  
1.880001 7.723479 10.004415 8.504415 6.511042 -2.669247 -8.949491 -13.597453  
1.890002 7.823450 9.996130 8.582656 6.519678 -2.747011 -9.055508 -10.914326  
1.900003 7.923458 9.999236 8.661904 6.528336 -2.825784 -9.137457 -7.983763  
1.910007 8.023478 9.998827 8.742164 6.537039 -2.905570 -9.193420 -4.854217  
1.920005 8.123480 10.002198 8.823382 6.545806 -2.986314 -9.221683 -1.583767  
1.930003 8.195814 7.234822 8.905325 6.554638 -3.067779 -9.220933 1.749187  
1.940007 8.118282 -7.750162 8.986539 6.563406 -3.148520 -9.191193 5.017355  
1.950001 8.018286 -10.005168 9.066678 6.572099 -3.228185 -9.133906 8.136520  
1.960001 7.918312 -9.997753 9.145859 6.580753 -3.306892 -9.050705 11.053920  
1.970007 7.818279 -9.997219 9.224088 6.589393 -3.384643 -8.943463 13.723422  
1.980006 7.718251 -10.003949 9.301262 6.598028 -3.461332 -8.814420 16.108988  
1.990006 7.618251 -9.999428 9.377449 6.606687 -3.537026 -8.665672 18.192278  
2.000003 7.518260 -10.002187 9.452609 6.615384 -3.611681 -8.499554 19.954389  
2.010006 7.418256 -9.997211 9.526814 6.624146 -3.685368 -8.318145 21.399940  
2.020003 7.318255 -10.003535 9.599972 6.632979 -3.757991 -8.123883 22.533148  
2.030004 7.218266 -9.998241 9.672159 6.641909 -3.829624 -7.918699 23.372852  
2.040004 7.118260 -10.000517 9.743343 6.650947 -3.900232 -7.704706 23.935826  
2.050007 7.018242 -9.998805 9.813546 6.660112 -3.969835 -7.483729 24.246893  
2.060000 6.918256 -10.004889 9.882685 6.669407 -4.038346 -7.257798 24.332219  
2.070004 6.818266 -9.995057 9.950895 6.678864 -4.105897 -7.028074 24.219605  
2.080007 6.718232 -10.000966 10.018093 6.688485 -4.172404 -6.796278 23.936786  
2.090004 6.618234 -10.002895 10.084256 6.698281 -4.237838 -6.563797 23.508647  
2.100008 6.518227 -9.996684 10.149464 6.708276 -4.302276 -6.331491 22.962192  
2.110007 6.418210 -10.002490 10.213641 6.718470 -4.365638 -6.100631 22.318802  
2.120006 6.318217 -10.000164 10.276818 6.728880 -4.427952 -5.871978 21.600834  
2.130002 6.218241 -10.001835 10.338974 6.739515 -4.489192 -5.646346 20.827740  
2.140007 6.118234 -9.995245 10.400189 6.750399 -4.549433 -5.424066 20.014136  
2.150003 6.018228 -10.005002 10.460345 6.761524 -4.608552 -5.206091 19.175717  
2.160002 5.918253 -9.998276 10.519523 6.772914 -4.666624 -4.992549 18.324257  
2.170002 5.818257 -9.999704 10.577705 6.784576 -4.723626 -4.783846 17.469753  
2.180008 5.718226 -9.996935 10.634923 6.796530 -4.779581 -4.580135 16.620148  
2.190001 5.618230 -10.006561 10.691066 6.808760 -4.834377 -4.382006 15.785492  
2.200004 5.518253 -9.995340 10.746262 6.821305 -4.888128 -4.189155 14.968230  
2.210005 5.418236 -10.000666 10.800450 6.834160 -4.940770 -4.001888 14.173496  
2.220002 5.318243 -10.001762 10.853618 6.847334 -4.992282 -3.820297 13.405061  
2.230002 5.218256 -9.998583 10.905802 6.860842 -5.042687 -3.644285 12.664412  
2.240003 5.118250 -9.999471 10.956990 6.874691 -5.091967 -3.473876 11.953922  
2.250004 5.018243 -10.000241 11.007175 6.888887 -5.140102 -3.309061 11.274669  
2.260002 4.918249 -10.000873 11.056350 6.903436 -5.187076 -3.149807 10.626323  
2.270006 4.818238 -9.997152 11.104552 6.918355 -5.232911 -2.995930 10.009938  
2.280007 4.718217 -10.001628 11.151736 6.933638 -5.277552 -2.847487 9.424775  
2.290003 4.618234 -10.001702 11.197903 6.949288 -5.320986 -2.704386 8.870460  
2.300005 4.518244 -9.997328 11.243092 6.965323 -5.363235 -2.566410 8.345904  
2.310004 4.418243 -10.001064 11.287271 6.981734 -5.404252 -2.433565 7.850728  
2.320002 4.318260 -10.000277 11.330445 6.998524 -5.444028 -2.305728 7.383792  
2.330001 4.218276 -9.999114 11.372624 7.015695 -5.482554 -2.182771 6.943928  
2.340005 4.118265 -9.997521 11.413822 7.033250 -5.519825 -2.064561 6.529741  
2.350000 4.018274 -10.003884 11.453985 7.051159 -5.555774 -1.951154 6.140780  
2.360001 3.918300 -9.997057 11.493170 7.069438 -5.590434 -1.842300 5.775222  
2.370004 3.818284 -9.998064 11.531366 7.088069 -5.623778 -1.737942 5.432116  
2.380001 3.718284 -10.002691 11.568539 7.107019 -5.655757 -1.638092 5.110655  
2.390002 3.618301 -9.998124 11.604723 7.126284 -5.686386 -1.542581 4.809426  
2.400007 3.518279 -9.997037 11.639924 7.145841 -5.715653 -1.451319 4.527408  
2.410003 3.418275 -10.003833 11.674094 7.165632 -5.743509 -1.364359 4.263987  
2.420004 3.318532 -9.973336 11.707283 7.185648 -5.769981 -1.281512 4.017623  
2.430002 3.223333 -9.521852 11.739510 7.205861 -5.795080 -1.202665 3.787312  
2.440004 3.136413 -8.690167 11.770881 7.226296 -5.818881 -1.127506 3.571593  
2.450008 3.057761 -7.861925 11.801471 7.246961 -5.841435 -1.055816 3.369134  
2.460003 2.987319 -7.048059 11.831328 7.267849 -5.862768 -0.987454 3.179099  
2.470003 2.924985 -6.233467 11.860577 7.289006 -5.882962 -0.922113 2.999874  
2.480005 2.870669 -5.430678 11.889289 7.310447 -5.902057 -0.859631 2.830754  
2.490004 2.824373 -4.629770 11.917531 7.332183 -5.920087 -0.799860 2.670790  
2.500006 2.786110 -3.825789 11.945397 7.354250 -5.937101 -0.742617 2.519184  
2.510004 2.755929 -3.018609 11.972951 7.376664 -5.953126 -0.687786 2.375152  
2.520001 2.733929 -2.200563 12.000283 7.399462 -5.968201 -0.635221 2.237984  
2.530009 2.720247 -1.367233 12.027506 7.422703 -5.982372 -0.584747 2.106952  
2.540008 2.715103 -0.514384 12.054656 7.446387 -5.995643 -0.536346 1.981643  
2.550008 2.718788 0.368513 12.081844 7.470577 -6.008050 -0.489882 1.861328  
2.560006 2.731681 1.289607 12.109154 7.495317 -6.019613 -0.445282 1.745450  
2.570005 2.754291 2.261302 12.136693 7.520674 -6.030355 -0.402457 1.633581  
2.580006 2.787297 3.300179 12.164570 7.546716 -6.040295 -0.361340 1.525200  
2.590007 2.831594 4.429112 12.192889 7.573516 -6.049444 -0.321896 1.419601  
2.600002 2.888353 5.678561 12.221759 7.601145 -6.057810 -0.284111 1.316525  
2.610000 2.936547 4.820528 12.251118 7.629517 -6.065355 -0.248199 1.216009  
2.620002 2.858532 -7.800118 12.279708 7.657368 -6.071808 -0.215652 1.121953  
2.630007 2.758499 -9.998248 12.307307 7.684425 -6.077244 -0.186489 1.034380  
2.640009 2.658465 -10.001502 12.333897 7.710624 -6.081784 -0.160467 0.952710  
2.650007 2.558464 -10.001837 12.359477 7.735925 -6.085548 -0.137334 0.876353  
2.660009 2.458463 -9.998203 12.384066 7.760318 -6.088645 -0.116835 0.804754  
2.670001 2.358495 -10.005143 12.407632 7.783747 -6.091167 -0.098771 0.737485  
2.680009 2.258494 -9.991795 12.430235 7.806258 -6.093210 -0.082885 0.674146  
2.690007 2.158460 -10.005014 12.451817 7.827777 -6.094842 -0.069023 0.614399  
2.700000 2.058501 -10.002793 12.472387 7.848307 -6.096134 -0.056990 0.558004  
2.710007 1.958504 -9.993538 12.491985 7.867878 -6.097146 -0.046591 0.504705  
2.720008 1.858464 -10.002444 12.510572 7.886449 -6.097927 -0.037686 0.454330  
2.730012 1.758434 -9.998784 12.528164 7.904031 -6.098522 -0.030117 0.406785  
2.740014 1.658406 -10.001557 12.544750 7.920611 -6.098967 -0.023744 0.361955  
2.750006 1.558439 -10.004715 12.560322 7.936179 -6.099295 -0.018439 0.319681  
2.760017 1.458423 -9.990703 12.574922 7.950777 -6.099531 -0.014063 0.279961  
2.770008 1.358413 -10.009974 12.588494 7.964348 -6.099698 -0.010517 0.242726  
2.780011 1.258441 -9.994004 12.601082 7.976936 -6.099812 -0.007680 0.208035  
2.790003 1.158463 -10.005544 12.612658 7.988512 -6.099888 -0.005458 0.175953  
2.800002 1.058505 -9.996502 12.623242 7.999096 -6.099936 -0.003753 0.146251  
2.810008 0.958478 -9.996791 12.632833 8.008686 -6.099966 -0.002480 0.119279  
2.820021 0.858387 -9.996824 12.641427 8.017281 -6.099983 -0.001560 0.094890  
2.830005 0.758405 -10.014154 12.648999 8.024853 -6.099992 -0.000924 0.073177  
2.840027 0.658372 -9.980892 12.655598 8.031451 -6.099997 -0.000504 0.054156  
2.850011 0.558341 -10.019396 12.661172 8.037025 -6.099999 -0.000247 0.037999  
2.860049 0.458232 -9.972973 12.665772 8.041625 -6.100000 -0.000103 0.024623  
2.870031 0.358131 -10.027988 12.669347 8.045200 -6.100000 -0.000034 0.014126  
2.880117 0.257792 -9.948738 12.671947 8.047800 -6.100000 -0.000007 0.006483  
2.890129 0.157301 -10.036432 12.673522 8.049375 -6.100000 -0.000001 0.001818  
2.900853 0.053619 -9.668413 12.674097 8.049950 -6.100000 -0.000000 0.000122  
0.000000 0.000000 0.000000 0.000000 0.000000 1.000000 0.000000 0.000000  
0.010000 0.052500 5.249965 0.000525 0.000525 1.000000 0.000000 0.000000  
0.020000 0.149995 9.749572 0.002025 0.002025 1.000000 0.000000 0.000000  
0.030000 0.249980 9.998494 0.004525 0.004525 1.000000 0.000000 0.000000  
0.040000 0.349947 9.996706 0.008024 0.008024 1.000000 0.000001 0.000000  
0.050000 0.449890 9.994216 0.012523 0.012523 1.000000 0.000002 0.000000  
0.060000 0.549800 9.991045 0.018021 0.018021 1.000000 0.000004 0.000000  
0.070000 0.649673 9.987196 0.024518 0.024518 1.000000 0.000007 0.000000  
0.080000 0.749501 9.982717 0.032013 0.032013 1.000000 0.000012 0.000000  
0.090000 0.849278 9.977612 0.040506 0.040506 1.000000 0.000019 0.000000  
0.100000 0.948999 9.971929 0.049996 0.049996 1.000000 0.000029 0.000000  
0.110001 1.048659 9.965692 0.060483 0.060483 1.000001 0.000043 0.000000  
0.120001 1.148253 9.958949 0.071966 0.071966 1.000001 0.000060 0.000000  
0.130002 1.247776 9.951741 0.084444 0.084444 1.000002 0.000083 0.000000  
0.140003 1.347225 9.944113 0.097918 0.097918 1.000004 0.000111 0.000000  
0.150004 1.446597 9.936121 0.112385 0.112385 1.000005 0.000145 0.000000  
0.160005 1.545889 9.927818 0.127846 0.127846 1.000008 0.000187 0.000000  
0.170007 1.645099 9.919261 0.144300 0.144300 1.000012 0.000236 0.000000  
0.180009 1.744226 9.910510 0.161746 0.161746 1.000016 0.000295 0.000000  
0.190012 1.843269 9.901633 0.180184 0.180184 1.000022 0.000363 0.000000  
0.200003 1.942167 9.898895 0.199588 0.199588 1.000030 0.000442 0.000000  
0.210007 2.040986 9.877308 0.220007 0.220007 1.000040 0.000533 0.000000  
0.220001 2.139733 9.880587 0.241392 0.241392 1.000052 0.000636 0.000000  
0.230008 2.238404 9.860431 0.263791 0.263791 1.000068 0.000752 0.000000  
0.240005 2.337007 9.862993 0.287154 0.287154 1.000087 0.000883 0.000000  
0.250004 2.435491 9.849293 0.311507 0.311507 1.000110 0.001029 0.000000  
0.260005 2.533918 9.841589 0.336849 0.336849 1.000138 0.001190 0.000000  
0.270009 2.632292 9.834338 0.363180 0.363180 1.000172 0.001368 0.000000  
0.280005 2.730575 9.832025 0.390476 0.390476 1.000212 0.001563 0.000000  
0.290004 2.828777 9.821244 0.418761 0.418761 1.000259 0.001775 0.000000  
0.300006 2.926954 9.815881 0.448036 0.448035 1.000314 0.002006 0.000000  
0.310002 3.025073 9.815259 0.478276 0.478276 1.000379 0.002256 0.000000  
0.320002 3.123147 9.807301 0.509508 0.509507 1.000454 0.002524 0.000000  
0.330006 3.221226 9.804498 0.541731 0.541731 1.000539 0.002813 0.000000  
0.340005 3.319286 9.806297 0.574923 0.574922 1.000638 0.003120 0.000000  
0.350002 3.417304 9.805226 0.609084 0.609083 1.000750 0.003448 0.000000  
0.360003 3.515333 9.801889 0.644241 0.644240 1.000877 0.003795 0.000000  
0.370002 3.613388 9.806774 0.680370 0.680369 1.001021 0.004161 0.000000  
0.380005 3.711483 9.806060 0.717498 0.717496 1.001183 0.004547 0.000000  
0.390001 3.809604 9.816456 0.755577 0.755575 1.001363 0.004951 0.000000  
0.400002 3.907767 9.815213 0.794659 0.794657 1.001565 0.005373 0.000000  
0.410002 4.006021 9.824993 0.834721 0.834718 1.001789 0.005813 0.000000  
0.420003 4.104354 9.832939 0.875766 0.875762 1.002037 0.006270 0.000000  
0.430003 4.202782 9.842314 0.917796 0.917791 1.002311 0.006742 0.000000  
0.440004 4.301323 9.853134 0.960814 0.960808 1.002611 0.007230 0.000000  
0.450000 4.399969 9.868169 1.004797 1.004790 1.002940 0.007730 0.000000  
0.460004 4.498764 9.876314 1.049799 1.049791 1.003299 0.008243 0.000000  
0.470003 4.597727 9.896970 1.095774 1.095763 1.003690 0.008766 0.000000  
0.480004 4.696847 9.910824 1.142748 1.142735 1.004115 0.009298 0.000000  
0.490002 4.796142 9.931421 1.190700 1.190686 1.004573 0.009837 0.000000  
0.500003 4.895629 9.948178 1.239659 1.239642 1.005068 0.010381 0.000000  
0.510001 4.995325 9.971428 1.289603 1.289583 1.005600 0.010928 0.000000  
0.520002 5.095244 9.990939 1.340560 1.340537 1.006171 0.011475 0.000000  
0.530001 5.195402 10.016665 1.392510 1.392483 1.006782 0.012022 0.000000  
0.540003 5.295811 10.038714 1.445479 1.445449 1.007433 0.012564 0.000000  
0.550004 5.396484 10.066682 1.499447 1.499413 1.008125 0.013100 0.000000  
0.560003 5.497410 10.093263 1.554418 1.554378 1.008860 0.013626 0.000000  
0.570001 5.598599 10.120807 1.610393 1.610348 1.009637 0.014140 0.000000  
0.580003 5.700084 10.147001 1.667402 1.667351 1.010457 0.014640 0.000000  
0.590003 5.801872 10.178478 1.725423 1.725365 1.011321 0.015121 0.000000  
0.600002 5.903946 10.208317 1.784458 1.784393 1.012227 0.015582 0.000000  
0.610000 6.006313 10.238690 1.844509 1.844437 1.013176 0.016019 0.000000  
0.620001 6.108997 10.267365 1.905605 1.905525 1.014167 0.016429 0.000000  
0.630001 6.211998 10.300580 1.967722 1.967634 1.015200 0.016810 0.000000  
0.640003 6.315316 10.329688 2.030888 2.030790 1.016272 0.017157 0.000000  
0.650003 6.418947 10.362916 2.095079 2.094971 1.017384 0.017468 0.000000  
0.660001 6.522865 10.393798 2.160295 2.160178 1.018532 0.017739 0.000000  
0.670001 6.627085 10.422288 2.226564 2.226436 1.019715 0.017969 0.000000  
0.680002 6.731615 10.452218 2.293885 2.293746 1.020931 0.018153 0.000000  
0.690003 6.836443 10.481311 2.362259 2.362109 1.022177 0.018289 0.000000  
0.700001 6.941533 10.511233 2.431660 2.431498 1.023449 0.018373 0.000000  
0.710002 7.046886 10.534041 2.502137 2.501963 1.024745 0.018405 0.000000  
0.720002 7.152433 10.554280 2.573664 2.573478 1.026061 0.018380 0.000000  
0.730001 7.258258 10.583627 2.646239 2.646041 1.027392 0.018297 0.000000  
0.740002 7.364293 10.603115 2.719884 2.719674 1.028734 0.018153 0.000000  
0.750003 7.470517 10.621365 2.794597 2.794374 1.030083 0.017948 0.000000  
0.760000 7.576876 10.638349 2.870348 2.870113 1.031433 0.017678 0.000000  
0.770001 7.683121 10.623963 2.947184 2.946937 1.032778 0.017344 0.000000  
0.780003 7.679851 -0.326925 3.023999 3.023741 1.034096 0.016950 0.000000  
0.790002 7.585005 -9.485655 3.099841 3.099573 1.035365 0.016505 0.000000  
0.800001 7.489734 -9.528376 3.174728 3.174450 1.036582 0.016013 0.000000  
0.810002 7.394001 -9.571995 3.248678 3.248391 1.037747 0.015477 0.000000  
0.820003 7.297800 -9.619634 3.321660 3.321364 1.038856 0.014904 0.000000  
0.830002 7.201145 -9.666118 3.393667 3.393363 1.039907 0.014298 0.000000  
0.840004 7.104019 -9.711062 3.464718 3.464408 1.040900 0.013662 0.000000  
0.850000 7.006440 -9.761254 3.534759 3.534442 1.041834 0.013003 0.000000  
0.860003 6.908392 -9.802304 3.603860 3.603538 1.042710 0.012324 0.000000  
0.870004 6.809863 -9.851852 3.671966 3.671639 1.043525 0.011630 0.000000  
0.880004 6.710893 -9.897187 3.739074 3.738742 1.044282 0.010925 0.000000  
0.890002 6.611492 -9.941658 3.805178 3.804843 1.044981 0.010215 0.000000  
0.900003 6.511648 -9.983108 3.870303 3.869965 1.045623 0.009504 0.000000  
0.910004 6.411371 -10.027208 3.934420 3.934079 1.046210 0.008795 0.000000  
0.920004 6.310692 -10.067994 3.997526 3.997183 1.046743 0.008093 0.000000  
0.930003 6.209624 -10.107209 4.059620 4.059275 1.047224 0.007401 0.000000  
0.940003 6.108180 -10.144693 4.120700 4.120354 1.047655 0.006724 0.000000  
0.950003 6.006375 -10.180314 4.180765 4.180417 1.048039 0.006065 0.000000  
0.960000 5.904246 -10.216143 4.239789 4.239440 1.048378 0.005428 0.000000  
0.970003 5.801787 -10.243229 4.297822 4.297472 1.048675 0.004815 0.000000  
0.980003 5.699016 -10.276972 4.354812 4.354462 1.048933 0.004230 0.000000  
0.990001 5.595996 -10.304015 4.410762 4.410411 1.049154 0.003675 0.000000  
1.000002 5.492723 -10.326240 4.465695 4.465344 1.049341 0.003153 0.000000  
1.010002 5.389215 -10.350691 4.519587 4.519236 1.049498 0.002665 0.000000  
1.020002 5.285516 -10.370286 4.572440 4.572089 1.049627 0.002215 0.000000  
1.030001 5.181647 -10.387285 4.624255 4.623904 1.049731 0.001804 0.000000  
1.040001 5.077627 -10.401672 4.675033 4.674681 1.049813 0.001433 0.000000  
1.050003 4.973477 -10.413426 4.724775 4.724424 1.049876 0.001103 0.000000  
1.060001 4.869243 -10.425269 4.773459 4.773107 1.049922 0.000815 0.000000  
1.070002 4.764945 -10.429164 4.821111 4.820760 1.049955 0.000571 0.000000  
1.080005 4.660576 -10.433085 4.867734 4.867382 1.049977 0.000370 0.000000  
1.090002 4.556212 -10.440270 4.913279 4.912928 1.049990 0.000213 0.000000  
1.100002 4.451872 -10.433599 4.957800 4.957448 1.049997 0.000099 0.000000  
1.110002 4.347546 -10.433114 5.001273 5.000921 1.050000 0.000028 0.000000  
1.120001 4.243283 -10.427457 5.043701 5.043349 1.050000 0.000001 0.000000  
1.130004 4.316736 7.342883 5.086882 5.086531 1.049978 -0.001762 0.000000  
1.140000 4.677157 36.054947 5.133637 5.133285 1.049762 -0.008127 0.000000  
1.150002 4.996023 31.881580 5.183605 5.183249 1.049106 -0.018686 0.000000  
1.160005 5.274516 27.839024 5.236370 5.235996 1.047755 -0.033042 0.000000  
1.170005 5.517596 24.309689 5.291542 5.291120 1.045455 -0.050845 0.000000  
1.180003 5.728297 21.074368 5.348813 5.348285 1.041961 -0.071799 0.000000  
1.190006 5.908145 17.979194 5.407913 5.407180 1.037041 -0.095651 0.000000  
1.200003 6.057262 14.916166 5.468468 5.467380 1.030496 -0.122125 0.000000  
1.210006 6.174927 11.762967 5.530236 5.528581 1.022148 -0.151011 0.000000  
1.220001 6.259904 8.502213 5.592801 5.590298 1.011881 -0.182030 0.000000  
1.230004 6.310816 5.089666 5.655928 5.652219 0.999599 -0.214998 0.000000  
1.240007 6.329295 1.847349 5.719241 5.713891 0.985280 -0.249663 0.000000  
1.250004 6.339036 0.974373 5.782614 5.775110 0.968896 -0.285921 0.000000  
1.260001 6.351071 1.203843 5.846105 5.835844 0.950391 -0.323794 0.000000  
1.270002 6.363640 1.256755 5.909751 5.896041 0.929721 -0.363322 0.000000  
1.280002 6.375352 1.171152 5.973505 5.955562 0.906881 -0.404518 0.000000  
1.290007 6.385195 0.983815 6.037388 6.014339 0.881855 -0.447458 0.000000  
1.300001 6.392475 0.728486 6.101273 6.072166 0.854701 -0.492133 0.000000  
1.310005 6.396774 0.429743 6.165266 6.129053 0.825393 -0.538711 0.000000  
1.320008 6.397921 0.114638 6.229263 6.184827 0.794009 -0.587228 0.000000  
1.330008 6.395956 -0.196466 6.293226 6.239378 0.760611 -0.637774 0.000000  
1.340007 6.391122 -0.483445 6.357130 6.292619 0.725269 -0.690458 0.000000  
1.350006 6.383835 -0.728822 6.420960 6.344479 0.688055 -0.745410 0.000000  
1.360007 6.374659 -0.917477 6.484715 6.394902 0.649040 -0.802777 0.000000  
1.370006 6.364290 -1.037067 6.548349 6.443811 0.608332 -0.862676 0.000000  
1.380006 6.353525 -1.076476 6.611884 6.491188 0.565997 -0.925289 0.000000  
1.390003 6.343241 -1.028602 6.675302 6.536992 0.522136 -0.990766 0.000000  
1.400004 6.334371 -0.887019 6.738650 6.581239 0.476802 -1.059330 0.000000  
1.410005 6.327880 -0.649007 6.801933 6.623920 0.430078 -1.131168 0.000000  
1.420003 6.324755 -0.312585 6.865169 6.665040 0.382038 -1.206480 0.000000  
1.430005 6.325975 0.121968 6.928442 6.704655 0.332701 -1.285557 0.000000  
1.440001 6.332136 0.616388 6.991739 6.742759 0.282158 -1.368572 0.000000  
1.450002 6.336598 0.446166 7.055111 6.779394 0.230448 -1.455783 0.000000  
1.460004 6.333682 -0.291555 7.118457 6.814519 0.177732 -1.547229 0.000000  
1.470001 6.325293 -0.839205 7.181692 6.848119 0.124162 -1.642932 0.000000  
1.480004 6.313469 -1.182006 7.244848 6.880249 0.069791 -1.743066 0.000000  
1.490006 6.299998 -1.346912 7.307857 6.910920 0.014750 -1.847632 0.000000  
1.500004 6.286403 -1.359601 7.370713 6.940179 -0.040880 -1.956700 0.000000  
1.510007 6.273932 -1.246837 7.433466 6.968101 -0.097079 -2.070427 0.000000  
1.520001 6.263583 -1.035500 7.496065 6.994718 -0.153737 -2.188766 0.000000  
1.530007 6.256119 -0.745987 7.558668 7.020148 -0.210943 -2.312063 0.000000  
1.540004 6.252105 -0.401508 7.621171 7.044401 -0.268549 -2.440144 0.000000  
1.550003 6.251935 -0.016954 7.683680 7.067571 -0.326605 -2.573240 0.000000  
1.560004 6.255857 0.392185 7.746245 7.089723 -0.385117 -2.711472 0.000000  
1.570008 6.264007 0.814577 7.808913 7.110920 -0.444091 -2.854956 0.000000  
1.580008 6.276420 1.241395 7.871676 7.131203 -0.503486 -3.003668 0.000000  
1.590003 6.293056 1.664405 7.934575 7.150629 -0.563311 -3.157688 0.000000  
1.600001 6.313828 2.077593 7.997700 7.169264 -0.623622 -3.317214 0.000000  
1.610001 6.338613 2.478591 8.061085 7.187156 -0.684429 -3.482302 0.000000  
1.620001 6.367253 2.863879 8.124760 7.204346 -0.745740 -3.652985 0.000000  
1.630001 6.399566 3.231464 8.188752 7.220876 -0.807560 -3.829271 0.000000  
1.640005 6.435370 3.578662 8.253137 7.236794 -0.869947 -4.011286 0.000000  
1.650005 6.474463 3.909281 8.317882 7.252122 -0.932851 -4.198824 0.000000  
1.660007 6.516637 4.216866 8.383056 7.266903 -0.996327 -4.391939 0.000000  
1.670007 6.561701 4.506380 8.448674 7.281168 -1.060376 -4.590490 0.000000  
1.680003 6.609450 4.776543 8.514746 7.294942 -1.124995 -4.794275 0.000000  
1.690002 6.659700 5.025800 8.581332 7.308263 -1.190236 -5.003206 0.000000  
1.700008 6.712298 5.256731 8.648495 7.321163 -1.256148 -5.217132 0.000000  
1.710002 6.767032 5.476723 8.716124 7.333645 -1.322615 -5.435294 0.000000  
1.720005 6.823738 5.668566 8.784385 7.345759 -1.389793 -5.657732 0.000000  
1.730007 6.882283 5.853435 8.853221 7.357514 -1.457618 -5.883673 0.000000  
1.740004 6.942470 6.020514 8.922625 7.368929 -1.526076 -6.112413 0.000000  
1.750001 7.004153 6.170218 8.992645 7.380031 -1.595210 -6.343313 0.000000  
1.760002 7.067218 6.305593 9.063327 7.390846 -1.665060 -6.575608 0.000000  
1.770005 7.131531 6.429790 9.134659 7.401389 -1.735609 -6.808205 0.000000  
1.780004 7.196935 6.540723 9.206625 7.411677 -1.806836 -7.039864 0.000000  
1.790005 7.263303 6.636129 9.279265 7.421732 -1.878777 -7.269377 0.000000  
1.800004 7.330508 6.721574 9.352558 7.431571 -1.951406 -7.495195 0.000000  
1.810003 7.398425 6.791987 9.426539 7.441215 -2.024756 -7.715791 0.000000  
1.820007 7.466956 6.850195 9.501241 7.450687 -2.098855 -7.929472 0.000000  
1.830004 7.535950 6.901549 9.576577 7.459994 -2.173614 -8.134076 0.000000  
1.840005 7.605278 6.932597 9.652632 7.469166 -2.249114 -8.327801 0.000000  
1.850003 7.674836 6.956572 9.729372 7.478218 -2.325318 -8.508412 0.000000  
1.860004 7.744488 6.965124 9.806817 7.487171 -2.402244 -8.673747 0.000000  
1.870007 7.814117 6.960510 9.884985 7.496047 -2.479907 -8.821580 0.000000  
1.880001 7.883547 6.947261 9.963773 7.504857 -2.558200 -8.949491 0.000000  
1.890002 7.952644 6.909061 10.043306 7.513636 -2.637248 -9.055508 0.000000  
1.900003 8.021286 6.863034 10.123532 7.522401 -2.716993 -9.137457 0.000000  
1.910007 8.089283 6.797595 10.204451 7.531175 -2.797435 -9.193420 0.000000  
1.920005 8.156431 6.716202 10.285998 7.539978 -2.878506 -9.221683 0.000000  
1.930003 8.194942 3.851798 10.367932 7.548809 -2.959963 -9.220933 0.000000  
1.940007 8.083619 -11.127964 10.448801 7.557539 -3.040358 -9.191193 0.000000  
1.950001 7.950822 -13.287075 10.528264 7.566159 -3.119353 -9.133906 0.000000  
1.960001 7.818880 -13.194606 10.606451 7.574704 -3.197071 -9.050705 0.000000  
1.970007 7.687504 -13.129688 10.683372 7.583200 -3.273522 -8.943463 0.000000  
1.980006 7.556607 -13.091168 10.758930 7.591654 -3.348605 -8.814420 0.000000  
1.990006 7.426063 -13.053578 10.833195 7.600095 -3.422389 -8.665672 0.000000  
2.000003 7.295701 -13.040173 10.906130 7.608534 -3.494834 -8.499554 0.000000  
2.010006 7.165355 -13.030565 10.977805 7.616997 -3.566008 -8.318145 0.000000  
2.020003 7.034910 -13.048951 11.048131 7.625488 -3.635819 -8.123883 0.000000  
2.030004 6.904252 -13.065002 11.117178 7.634029 -3.704336 -7.918699 0.000000  
2.040004 6.773216 -13.103443 11.184911 7.642629 -3.771520 -7.704706 0.000000  
2.050007 6.641686 -13.148992 11.251347 7.651302 -3.837389 -7.483729 0.000000  
2.060000 6.509599 -13.217064 11.316402 7.660048 -3.901853 -7.257798 0.000000  
2.070004 6.376783 -13.276387 11.380195 7.668892 -3.965030 -7.028074 0.000000  
2.080007 6.243061 -13.369018 11.442641 7.677833 -4.026832 -6.796278 0.000000  
2.090004 6.108411 -13.469067 11.503707 7.686874 -4.087225 -6.563797 0.000000  
2.100008 5.972646 -13.571085 11.563456 7.696032 -4.146269 -6.331491 0.000000  
2.110007 5.835629 -13.702757 11.621808 7.705300 -4.203880 -6.100631 0.000000  
2.120006 5.697269 -13.837170 11.678776 7.714687 -4.260069 -5.871978 0.000000  
2.130002 5.557414 -13.991414 11.734327 7.724191 -4.314801 -5.646346 0.000000  
2.140007 5.415847 -14.148997 11.788515 7.733826 -4.368125 -5.424066 0.000000  
2.150003 5.272457 -14.345334 11.841216 7.743571 -4.419918 -5.206091 0.000000  
2.160002 5.127124 -14.534366 11.892484 7.753438 -4.470227 -4.992549 0.000000  
2.170002 4.979605 -14.752060 11.942279 7.763419 -4.519012 -4.783846 0.000000  
2.180008 4.829701 -14.981253 11.990606 7.773514 -4.566272 -4.580135 0.000000  
2.190001 4.677332 -15.247461 12.037347 7.783696 -4.611891 -4.382006 0.000000  
2.200004 4.522287 -15.500820 12.082580 7.793976 -4.655941 -4.189155 0.000000  
2.210005 4.364280 -15.799053 12.126228 7.804330 -4.698342 -4.001888 0.000000  
2.220002 4.203215 -16.110614 12.168249 7.814740 -4.739053 -3.820297 0.000000  
2.230002 4.038861 -16.435079 12.208638 7.825194 -4.778066 -3.644285 0.000000  
2.240003 3.870984 -16.785807 12.247353 7.835667 -4.815337 -3.473876 0.000000  
2.250004 3.699422 -17.155419 12.284349 7.846131 -4.850822 -3.309061 0.000000  
2.260002 3.524022 -17.542573 12.319584 7.856555 -4.884480 -3.149807 0.000000  
2.270006 3.344573 -17.937771 12.353043 7.866909 -4.916297 -2.995930 0.000000  
2.280007 3.160961 -18.360493 12.384653 7.877146 -4.946204 -2.847487 0.000000  
2.290003 2.973184 -18.783972 12.414375 7.887220 -4.974167 -2.704386 0.000000  
2.300005 2.781133 -19.201959 12.442191 7.897088 -5.000173 -2.566410 0.000000  
2.310004 2.584840 -19.631177 12.468037 7.906687 -5.024171 -2.433565 0.000000  
2.320002 2.384500 -20.037950 12.491877 7.915956 -5.046135 -2.305728 0.000000  
2.330001 2.180332 -20.418320 12.513679 7.924829 -5.066050 -2.182771 0.000000  
2.340005 1.972679 -20.757737 12.533413 7.933235 -5.083904 -2.064561 0.000000  
2.350000 1.762217 -21.056358 12.551027 7.941086 -5.099671 -1.951154 0.000000  
2.360001 1.549713 -21.249514 12.566525 7.948312 -5.113381 -1.842300 0.000000  
2.370004 1.336055 -21.358353 12.579890 7.954828 -5.125050 -1.737942 0.000000  
2.380001 1.122626 -21.348669 12.591113 7.960546 -5.134708 -1.638092 0.000000  
2.390002 0.910960 -21.166205 12.600223 7.965392 -5.142422 -1.542581 0.000000  
2.400007 0.702742 -20.811040 12.607254 7.969295 -5.148270 -1.451319 0.000000  
2.410003 0.500146 -20.266618 12.612254 7.972187 -5.152349 -1.364359 0.000000  
2.420004 0.305456 -19.467174 12.615308 7.974025 -5.154788 -1.281512 0.000000  
2.430002 0.121011 -18.448263 12.616518 7.974780 -5.155734 -1.202665 0.000000  
2.440004 0.051869 -6.912756 12.617037 7.974438 -5.155343 -1.127506 0.000000  
2.450008 0.212506 16.057032 12.619163 7.972999 -5.153779 -1.055816 0.000000  
2.460003 0.360040 14.761418 12.622761 7.970478 -5.151211 -0.987454 0.000000  
2.470003 0.493688 13.364928 12.627698 7.966904 -5.147806 -0.922113 0.000000  
2.480005 0.612667 11.895887 12.633826 7.962325 -5.143733 -0.859631 0.000000  
2.490004 0.716041 10.337900 12.640986 7.956812 -5.139165 -0.799860 0.000000  
2.500006 0.802912 8.685774 12.649016 7.950450 -5.134264 -0.742617 0.000000  
2.510004 0.872384 6.948524 12.657739 7.943353 -5.129194 -0.687786 0.000000  
2.520001 0.923575 5.120368 12.666972 7.935650 -5.124103 -0.635221 0.000000  
2.530009 0.955654 3.205480 12.676536 7.927484 -5.119125 -0.584747 0.000000  
2.540008 0.967767 1.211341 12.686213 7.919041 -5.114395 -0.536346 0.000000  
2.550008 0.959102 -0.866410 12.695804 7.910507 -5.110018 -0.489882 0.000000  
2.560006 0.928870 -3.023987 12.705090 7.902095 -5.106085 -0.445282 0.000000  
2.570005 0.876239 -5.263752 12.713852 7.894028 -5.102666 -0.402457 0.000000  
2.580006 0.800275 -7.595475 12.721855 7.886552 -5.099810 -0.361340 0.000000  
2.590007 0.699894 -10.036711 12.728855 7.879928 -5.097545 -0.321896 0.000000  
2.600002 0.573786 -12.616865 12.734590 7.874440 -5.095879 -0.284111 0.000000  
2.610000 0.417603 -15.621811 12.738765 7.870406 -5.094802 -0.248199 0.000000  
2.620002 0.229202 -18.836720 12.741058 7.868174 -5.094280 -0.215652 0.000000  
2.630007 0.042930 -18.617888 12.741487 7.867754 -5.094192 -0.186489 0.000000  
2.640009 0.132868 8.992158 12.742816 7.869064 -5.094416 -0.160467 0.000000  
2.650007 0.295006 16.216663 12.745766 7.871982 -5.094847 -0.137334 0.000000  
2.660009 0.441565 14.653110 12.750182 7.876363 -5.095401 -0.116835 0.000000  
2.670001 0.571418 12.996133 12.755892 7.882040 -5.096010 -0.098771 0.000000  
2.680009 0.684222 11.270973 12.762740 7.888860 -5.096627 -0.082885 0.000000  
2.690007 0.780017 9.581021 12.770539 7.896637 -5.097216 -0.069023 0.000000  
2.700000 0.859075 7.911342 12.779123 7.905205 -5.097754 -0.056990 0.000000  
2.710007 0.922070 6.295575 12.788350 7.914419 -5.098229 -0.046591 0.000000  
2.720008 0.969684 4.760667 12.798048 7.924109 -5.098636 -0.037686 0.000000  
2.730012 1.002639 3.294120 12.808079 7.934134 -5.098975 -0.030117 0.000000  
2.740014 1.021723 1.908188 12.818297 7.944348 -5.099249 -0.023744 0.000000  
2.750006 1.027720 0.600122 12.828566 7.954615 -5.099465 -0.018439 0.000000  
2.760017 1.021405 -0.630826 12.838791 7.964839 -5.099630 -0.014063 0.000000  
2.770008 1.003535 -1.788539 12.848818 7.974865 -5.099753 -0.010517 0.000000  
2.780011 0.974858 -2.866795 12.858570 7.984616 -5.099841 -0.007680 0.000000  
2.790003 0.936101 -3.878740 12.867923 7.993969 -5.099902 -0.005458 0.000000  
2.800002 0.887996 -4.810797 12.876803 8.002849 -5.099943 -0.003753 0.000000  
2.810008 0.831222 -5.674053 12.885120 8.011166 -5.099969 -0.002480 0.000000  
2.820021 0.766500 -6.464246 12.892794 8.018840 -5.099984 -0.001560 0.000000  
2.830005 0.694696 -7.191866 12.899730 8.025776 -5.099993 -0.000924 0.000000  
2.840027 0.616460 -7.806096 12.905908 8.031955 -5.099997 -0.000504 0.000000  
2.850011 0.532619 -8.397721 12.911226 8.037272 -5.099999 -0.000247 0.000000  
2.860049 0.443900 -8.838336 12.915682 8.041728 -5.100000 -0.000103 0.000000  
2.870031 0.351208 -9.285789 12.919188 8.045234 -5.100000 -0.000034 0.000000  
2.880117 0.255144 -9.524848 12.921761 8.047807 -5.100000 -0.000007 0.000000  
2.890129 0.156652 -9.836806 12.923329 8.049376 -5.100000 -0.000001 0.000000  
2.900853 0.053568 -9.612644 12.923904 8.049950 -5.100000 -0.000000 0.000000  
0.000000 0.000000 0.000000 0.000000 0.000000 -1.000000 0.000000 0.000000  
0.010000 0.052500 5.250035 0.000525 0.000525 -1.000000 0.000000 0.000000  
0.020000 0.150005 9.750427 0.002025 0.002025 -1.000000 0.000000 0.000000  
0.030000 0.250020 10.001505 0.004525 0.004525 -1.000000 0.000000 0.000000  
0.040000 0.350053 10.003291 0.008026 0.008026 -1.000000 0.000001 0.000000  
0.050000 0.450111 10.005778 0.012527 0.012527 -1.000000 0.000002 0.000000  
0.060000 0.550200 10.008942 0.018029 0.018029 -1.000000 0.000004 0.000000  
0.070000 0.650328 10.012782 0.024532 0.024532 -1.000000 0.000007 0.000000  
0.080000 0.750502 10.017249 0.032037 0.032037 -1.000000 0.000012 0.000000  
0.090000 0.850726 10.022338 0.040545 0.040545 -1.000000 0.000019 0.000000  
0.100000 0.951008 10.028000 0.050055 0.050055 -1.000000 0.000029 0.000000  
0.110001 1.051354 10.034210 0.060569 0.060569 -0.999999 0.000043 0.000000  
0.120001 1.151767 10.040923 0.072087 0.072087 -0.999999 0.000060 0.000000  
0.130002 1.252254 10.048093 0.084610 0.084610 -0.999998 0.000083 0.000000  
0.140003 1.352819 10.055678 0.098140 0.098140 -0.999996 0.000111 0.000000  
0.150004 1.453466 10.063621 0.112676 0.112676 -0.999994 0.000145 0.000000  
0.160005 1.554198 10.071867 0.128220 0.128220 -0.999992 0.000187 0.000000  
0.170007 1.655019 10.080362 0.144773 0.144773 -0.999988 0.000236 0.000000  
0.180009 1.755932 10.089042 0.162336 0.162336 -0.999984 0.000295 0.000000  
0.190012 1.856938 10.097841 0.180911 0.180911 -0.999978 0.000363 0.000000  
0.200003 1.957975 10.113010 0.200472 0.200472 -0.999970 0.000442 0.000000  
0.210007 2.059111 10.108895 0.221073 0.221073 -0.999960 0.000533 0.000000  
0.220001 2.160351 10.130041 0.242664 0.242664 -0.999947 0.000636 0.000000  
0.230008 2.261688 10.126852 0.265296 0.265296 -0.999931 0.000752 0.000000  
0.240005 2.363125 10.146495 0.288920 0.288920 -0.999912 0.000883 0.000000  
0.250004 2.464604 10.148805 0.313564 0.313564 -0.999889 0.001029 0.000000  
0.260005 2.566180 10.156471 0.339229 0.339229 -0.999860 0.001190 0.000000  
0.270009 2.667848 10.163664 0.365916 0.365916 -0.999826 0.001368 0.000000  
0.280005 2.769558 10.174847 0.393601 0.393601 -0.999786 0.001563 0.000000  
0.290004 2.871308 10.175982 0.422311 0.422311 -0.999738 0.001775 0.000000  
0.300006 2.973139 10.181306 0.452048 0.452048 -0.999681 0.002006 0.000000  
0.310002 3.075004 10.189956 0.482787 0.482787 -0.999616 0.002256 0.000000  
0.320002 3.176897 10.189256 0.514557 0.514556 -0.999540 0.002524 0.000000  
0.330006 3.278853 10.192022 0.547357 0.547356 -0.999453 0.002813 0.000000  
0.340005 3.380825 10.197543 0.581164 0.581163 -0.999352 0.003120 0.000000  
0.350002 3.482769 10.197922 0.615979 0.615979 -0.999238 0.003448 0.000000  
0.360003 3.584716 10.193655 0.651830 0.651829 -0.999108 0.003795 0.000000  
0.370002 3.686658 10.195533 0.688692 0.688691 -0.998962 0.004161 0.000000  
0.380005 3.788585 10.189077 0.726591 0.726589 -0.998797 0.004547 0.000000  
0.390001 3.890455 10.191551 0.765478 0.765476 -0.998612 0.004951 0.000000  
0.400002 3.992258 10.179247 0.805405 0.805403 -0.998406 0.005373 0.000000  
0.410002 4.094019 10.175614 0.846347 0.846344 -0.998177 0.005813 0.000000  
0.420003 4.195695 10.167245 0.888306 0.888302 -0.997924 0.006270 0.000000  
0.430003 4.297275 10.157481 0.931280 0.931276 -0.997644 0.006742 0.000000  
0.440004 4.398749 10.146305 0.975273 0.975267 -0.997337 0.007230 0.000000  
0.450000 4.500077 10.136548 1.020257 1.020250 -0.997000 0.007730 0.000000  
0.460004 4.601278 10.116794 1.066285 1.066276 -0.996633 0.008243 0.000000  
0.470003 4.702340 10.106964 1.113305 1.113294 -0.996233 0.008766 0.000000  
0.480004 4.803225 10.087292 1.161343 1.161330 -0.995799 0.009298 0.000000  
0.490002 4.903923 10.071659 1.210373 1.210358 -0.995330 0.009837 0.000000  
0.500003 5.004422 10.049386 1.260420 1.260402 -0.994824 0.010381 0.000000  
0.510001 5.104713 10.030972 1.311457 1.311437 -0.994280 0.010928 0.000000  
0.520002 5.204785 10.006226 1.363510 1.363487 -0.993697 0.011475 0.000000  
0.530001 5.304628 9.985221 1.416552 1.416524 -0.993074 0.012022 0.000000  
0.540003 5.404232 9.958199 1.470606 1.470574 -0.992409 0.012564 0.000000  
0.550004 5.503587 9.934848 1.525645 1.525609 -0.991703 0.013100 0.000000  
0.560003 5.602661 9.908069 1.581668 1.581627 -0.990955 0.013626 0.000000  
0.570001 5.701446 9.880371 1.638672 1.638626 -0.990163 0.014140 0.000000  
0.580003 5.799957 9.849693 1.696680 1.696627 -0.989328 0.014640 0.000000  
0.590003 5.898187 9.822669 1.755663 1.755605 -0.988451 0.015121 0.000000  
0.600002 5.996107 9.792801 1.815619 1.815554 -0.987530 0.015582 0.000000  
0.610000 6.093712 9.762441 1.876545 1.876471 -0.986568 0.016019 0.000000  
0.620001 6.191019 9.729721 1.938461 1.938379 -0.985563 0.016429 0.000000  
0.630001 6.288023 9.700829 2.001338 2.001248 -0.984518 0.016810 0.000000  
0.640003 6.384721 9.667876 2.065198 2.065099 -0.983433 0.017157 0.000000  
0.650003 6.481112 9.638912 2.130011 2.129901 -0.982311 0.017468 0.000000  
0.660001 6.577176 9.608233 2.195770 2.195651 -0.981154 0.017739 0.000000  
0.670001 6.672935 9.576181 2.262497 2.262367 -0.979962 0.017969 0.000000  
0.680002 6.768409 9.546691 2.330187 2.330046 -0.978740 0.018153 0.000000  
0.690003 6.863603 9.518064 2.398832 2.398680 -0.977489 0.018289 0.000000  
0.700001 6.958506 9.492271 2.468402 2.468238 -0.976213 0.018373 0.000000  
0.710002 7.053143 9.462645 2.538942 2.538766 -0.974916 0.018405 0.000000  
0.720002 7.147479 9.433164 2.610420 2.610232 -0.973601 0.018380 0.000000  
0.730001 7.241637 9.416865 2.682829 2.682628 -0.972273 0.018297 0.000000  
0.740002 7.335595 9.395474 2.756187 2.755975 -0.970936 0.018153 0.000000  
0.750003 7.429384 9.377943 2.830488 2.830264 -0.969595 0.017948 0.000000  
0.760000 7.523013 9.365031 2.905701 2.905464 -0.968255 0.017678 0.000000  
0.770001 7.616304 9.328633 2.981868 2.981620 -0.966921 0.017344 0.000000  
0.780003 7.601139 -1.516152 3.057897 3.057637 -0.965617 0.016950 0.000000  
0.790002 7.495974 -10.517611 3.132848 3.132579 -0.964363 0.016505 0.000000  
0.800001 7.391269 -10.471972 3.206751 3.206471 -0.963161 0.016013 0.000000  
0.810002 7.287003 -10.425216 3.279631 3.279342 -0.962014 0.015477 0.000000  
0.820003 7.183185 -10.381263 3.351466 3.351169 -0.960922 0.014904 0.000000  
0.830002 7.079842 -10.335021 3.422260 3.421955 -0.959889 0.014298 0.000000  
0.840004 6.976958 -10.286643 3.492041 3.491730 -0.958913 0.013662 0.000000  
0.850000 6.874555 -10.243793 3.560763 3.560446 -0.957997 0.013003 0.000000  
0.860003 6.772612 -10.191797 3.628506 3.628183 -0.957139 0.012324 0.000000  
0.870004 6.671106 -10.149524 3.695224 3.694897 -0.956339 0.011630 0.000000  
0.880004 6.570067 -10.104161 3.760924 3.760592 -0.955598 0.010925 0.000000  
0.890002 6.469486 -10.059607 3.825609 3.825273 -0.954915 0.010215 0.000000  
0.900003 6.369332 -10.014071 3.889310 3.888972 -0.954287 0.009504 0.000000  
0.910004 6.269591 -9.973610 3.952009 3.951668 -0.953713 0.008795 0.000000  
0.920004 6.170267 -9.932575 4.013711 4.013368 -0.953192 0.008093 0.000000  
0.930003 6.071340 -9.893057 4.074422 4.074077 -0.952722 0.007401 0.000000  
0.940003 5.972790 -9.855216 4.134148 4.133802 -0.952300 0.006724 0.000000  
0.950003 5.874597 -9.819184 4.192895 4.192548 -0.951924 0.006065 0.000000  
0.960000 5.776755 -9.787233 4.250645 4.250296 -0.951592 0.005428 0.000000  
0.970003 5.679220 -9.751020 4.307451 4.307102 -0.951302 0.004815 0.000000  
0.980003 5.581964 -9.725465 4.363272 4.362922 -0.951049 0.004230 0.000000  
0.990001 5.485003 -9.698034 4.418111 4.417760 -0.950833 0.003675 0.000000  
1.000002 5.388285 -9.670731 4.472000 4.471649 -0.950649 0.003153 0.000000  
1.010002 5.291781 -9.650299 4.524918 4.524567 -0.950495 0.002665 0.000000  
1.020002 5.195483 -9.630197 4.576871 4.576520 -0.950368 0.002215 0.000000  
1.030001 5.099360 -9.612654 4.627863 4.627511 -0.950266 0.001804 0.000000  
1.040001 5.003380 -9.597690 4.677898 4.677546 -0.950185 0.001433 0.000000  
1.050003 4.907512 -9.585323 4.726981 4.726629 -0.950123 0.001103 0.000000  
1.060001 4.811749 -9.578055 4.775089 4.774738 -0.950077 0.000815 0.000000  
1.070002 4.716059 -9.568472 4.822253 4.821901 -0.950044 0.000571 0.000000  
1.080005 4.620385 -9.563845 4.868473 4.868122 -0.950023 0.000370 0.000000  
1.090002 4.524750 -9.567055 4.913704 4.913353 -0.950010 0.000213 0.000000  
1.100002 4.429123 -9.562309 4.957997 4.957646 -0.950003 0.000099 0.000000  
1.110002 4.333450 -9.567834 5.001329 5.000978 -0.950000 0.000028 0.000000  
1.120001 4.237730 -9.573080 5.043702 5.043351 -0.950000 0.000001 0.000000  
1.130004 3.964254 -27.338677 5.083357 5.083006 -0.950019 -0.001762 0.000000  
1.140000 3.403824 -56.062994 5.117384 5.117032 -0.950172 -0.008127 0.000000  
1.150002 2.884955 -51.878691 5.146238 5.145883 -0.950544 -0.018686 0.000000  
1.160005 2.406381 -47.839780 5.170310 5.169948 -0.951154 -0.033042 0.000000  
1.170005 1.963239 -44.317283 5.189941 5.189563 -0.951965 -0.050845 0.000000  
1.180003 1.552533 -41.079004 5.205464 5.205056 -0.952904 -0.071799 0.000000  
1.190006 1.172640 -37.977251 5.217194 5.216746 -0.953872 -0.095651 0.000000  
1.200003 0.823492 -34.925300 5.225426 5.224931 -0.954754 -0.122125 0.000000  
1.210006 0.505800 -31.759624 5.230486 5.229946 -0.955430 -0.151011 0.000000  
1.220001 0.220826 -28.512685 5.232693 5.232124 -0.955785 -0.182030 0.000000  
1.230004 0.030087 -19.068162 5.232994 5.231830 -0.955720 -0.214998 0.000000  
1.240007 0.245987 21.583360 5.235454 5.229435 -0.955158 -0.249663 0.000000  
1.250004 0.428332 18.239402 5.239736 5.225299 -0.954046 -0.285921 0.000000  
1.260001 0.580613 15.232818 5.245541 5.219748 -0.952350 -0.323794 0.000000  
1.270002 0.705443 12.481094 5.252596 5.213076 -0.950055 -0.363322 0.000000  
1.280002 0.804601 9.915807 5.260642 5.205566 -0.947170 -0.404518 0.000000  
1.290007 0.879418 7.478026 5.269441 5.197471 -0.943721 -0.447458 0.000000  
1.300001 0.930936 5.155083 5.278744 5.189051 -0.939765 -0.492133 0.000000  
1.310005 0.960085 2.913709 5.288349 5.180513 -0.935365 -0.538711 0.000000  
1.320008 0.967704 0.761675 5.298029 5.172077 -0.930618 -0.587228 0.000000  
1.330008 0.954583 -1.312070 5.307575 5.163935 -0.925634 -0.637774 0.000000  
1.340007 0.921542 -3.304427 5.316789 5.156258 -0.920538 -0.690458 0.000000  
1.350006 0.869419 -5.213017 5.325482 5.149195 -0.915471 -0.745410 0.000000  
1.360007 0.799057 -7.035253 5.333474 5.142873 -0.910582 -0.802777 0.000000  
1.370006 0.711344 -8.772548 5.340587 5.137405 -0.906034 -0.862676 0.000000  
1.380006 0.607181 -10.416213 5.346658 5.132875 -0.901990 -0.925289 0.000000  
1.390003 0.487466 -11.974332 5.351532 5.129353 -0.898622 -0.990766 0.000000  
1.400004 0.353074 -13.438328 5.355063 5.126885 -0.896097 -1.059330 0.000000  
1.410005 0.204840 -14.822333 5.357111 5.125500 -0.894587 -1.131168 0.000000  
1.420003 0.043620 -16.125046 5.357548 5.125214 -0.894259 -1.206480 0.000000  
1.430005 0.129870 8.623176 5.358847 5.126024 -0.895274 -1.285557 0.000000  
1.440001 0.314879 18.508148 5.361994 5.127915 -0.897790 -1.368572 0.000000  
1.450002 0.510032 19.513540 5.367095 5.130860 -0.901955 -1.455783 0.000000  
1.460004 0.712983 20.291914 5.374226 5.134810 -0.907892 -1.547229 0.000000  
1.470001 0.921372 20.844757 5.383437 5.139701 -0.915697 -1.642932 0.000000  
1.480004 1.133213 21.177067 5.394773 5.145464 -0.925459 -1.743066 0.000000  
1.490006 1.346744 21.350080 5.408242 5.152017 -0.937226 -1.847632 0.000000  
1.500004 1.560352 21.363639 5.423844 5.159276 -0.951036 -1.956700 0.000000  
1.510007 1.772845 21.244544 5.441576 5.167163 -0.966918 -2.070427 0.000000  
1.520001 1.983170 21.044984 5.461396 5.175587 -0.984859 -2.188766 0.000000  
1.530007 2.190654 20.734483 5.483317 5.184489 -1.004891 -2.312063 0.000000  
1.540004 2.394718 20.412184 5.507258 5.193775 -1.026957 -2.440144 0.000000  
1.550003 2.594854 20.016880 5.533202 5.203389 -1.051054 -2.573240 0.000000  
1.560004 2.790935 19.606185 5.561114 5.213270 -1.077159 -2.711472 0.000000  
1.570008 2.982849 19.182887 5.590956 5.223361 -1.105243 -2.854956 0.000000  
1.580008 3.170487 18.764131 5.622660 5.233605 -1.135247 -3.003668 0.000000  
1.590003 3.353808 18.341260 5.656181 5.243956 -1.167130 -3.157688 0.000000  
1.600001 3.532972 17.920238 5.691504 5.254382 -1.200878 -3.317214 0.000000  
1.610001 3.708170 17.520188 5.728584 5.264847 -1.236452 -3.482302 0.000000  
1.620001 3.879539 17.136166 5.767381 5.275320 -1.273809 -3.652985 0.000000  
1.630001 4.047230 16.770122 5.807851 5.285772 -1.312905 -3.829271 0.000000  
1.640005 4.211474 16.416349 5.849987 5.296188 -1.353733 -4.011286 0.000000  
1.650005 4.372435 16.096089 5.893711 5.306538 -1.396215 -4.198824 0.000000  
1.660007 4.530279 15.782335 5.939020 5.316813 -1.440343 -4.391939 0.000000  
1.670007 4.685233 15.495176 5.985873 5.326998 -1.486076 -4.590490 0.000000  
1.680003 4.837454 15.227503 6.034230 5.337078 -1.533371 -4.794275 0.000000  
1.690002 4.987157 14.972578 6.084094 5.347053 -1.582227 -5.003206 0.000000  
1.700008 5.134605 14.736174 6.135470 5.356921 -1.632646 -5.217132 0.000000  
1.710002 5.279872 14.535577 6.188237 5.366659 -1.684506 -5.435294 0.000000  
1.720005 5.423143 14.322015 6.242487 5.376286 -1.737896 -5.657732 0.000000  
1.730007 5.564655 14.148510 6.298144 5.385790 -1.792736 -5.883673 0.000000  
1.740004 5.704459 13.984625 6.355172 5.395169 -1.848987 -6.112413 0.000000  
1.750001 5.842716 13.830078 6.413581 5.404430 -1.906657 -6.343313 0.000000  
1.760002 5.979637 13.690068 6.473386 5.413580 -1.965758 -6.575608 0.000000  
1.770005 6.115363 13.569481 6.534554 5.422620 -2.026254 -6.808205 0.000000  
1.780004 6.249980 13.462231 6.597051 5.431554 -2.088109 -7.039864 0.000000  
1.790005 6.383619 13.362639 6.660893 5.440392 -2.151336 -7.269377 0.000000  
1.800004 6.516408 13.281147 6.726046 5.449137 -2.215900 -7.495195 0.000000  
1.810003 6.648472 13.206921 6.792528 5.457804 -2.281815 -7.715791 0.000000  
1.820007 6.779981 13.145181 6.860358 5.466404 -2.349097 -7.929472 0.000000  
1.830004 6.911000 13.106050 6.929446 5.474939 -2.417656 -8.134076 0.000000  
1.840005 7.041645 13.064069 6.999864 5.483431 -2.487560 -8.327801 0.000000  
1.850003 7.172080 13.044938 7.071577 5.491890 -2.558773 -8.508412 0.000000  
1.860004 7.302418 13.033783 7.144602 5.500332 -2.631308 -8.673747 0.000000  
1.870007 7.432825 13.036157 7.218956 5.508775 -2.705181 -8.821580 0.000000  
1.880001 7.563369 13.062368 7.294543 5.517227 -2.780294 -8.949491 0.000000  
1.890002 7.694221 13.084013 7.371493 5.525720 -2.856773 -9.055508 0.000000  
1.900003 7.825605 13.136269 7.449761 5.534271 -2.934574 -9.137457 0.000000  
1.910007 7.957656 13.200905 7.529363 5.542903 -3.013706 -9.193420 0.000000  
1.920005 8.090519 13.289060 7.610252 5.551634 -3.094122 -9.221683 0.000000  
1.930003 8.196687 10.618726 7.692203 5.560467 -3.175596 -9.220933 0.000000  
1.940007 8.152955 -4.371497 7.773765 5.569273 -3.256681 -9.191193 0.000000  
1.950001 8.085768 -6.722440 7.854578 5.578038 -3.337017 -9.133906 0.000000  
1.960001 8.017768 -6.800124 7.934753 5.586801 -3.416712 -9.050705 0.000000  
1.970007 7.949087 -6.864013 8.014292 5.595586 -3.495764 -8.943463 0.000000  
1.980006 7.879935 -6.916030 8.093082 5.604402 -3.574059 -8.814420 0.000000  
1.990006 7.810484 -6.944614 8.171192 5.613280 -3.651663 -8.665672 0.000000  
2.000003 7.740870 -6.963570 8.248577 5.622235 -3.728528 -8.499554 0.000000  
2.010006 7.671216 -6.963261 8.325313 5.631295 -3.804727 -8.318145 0.000000  
2.020003 7.601664 -6.957554 8.401303 5.640470 -3.880162 -8.123883 0.000000  
2.030004 7.532350 -6.930948 8.476632 5.649788 -3.954912 -7.918699 0.000000  
2.040004 7.463378 -6.897090 8.551266 5.659265 -4.028943 -7.704706 0.000000  
2.050007 7.394876 -6.848148 8.625237 5.668921 -4.102281 -7.483729 0.000000  
2.060000 7.326996 -6.792274 8.698461 5.678766 -4.174839 -7.257798 0.000000  
2.070004 7.259836 -6.713322 8.771088 5.688835 -4.246765 -7.028074 0.000000  
2.080007 7.193495 -6.632538 8.843040 5.699138 -4.317976 -6.796278 0.000000  
2.090004 7.128151 -6.536380 8.914300 5.709688 -4.388451 -6.563797 0.000000  
2.100008 7.063906 -6.421978 8.984967 5.720520 -4.458282 -6.331491 0.000000  
2.110007 7.000891 -6.301950 9.054971 5.731640 -4.527397 -6.100631 0.000000  
2.120006 6.939267 -6.162923 9.124358 5.743073 -4.595836 -5.871978 0.000000  
2.130002 6.879172 -6.012055 9.193120 5.754839 -4.663584 -5.646346 0.000000  
2.140007 6.820727 -5.841340 9.261365 5.766973 -4.730741 -5.424066 0.000000  
2.150003 6.764106 -5.664550 9.328976 5.779476 -4.797186 -5.206091 0.000000  
2.160002 6.709489 -5.462115 9.396066 5.792389 -4.863022 -4.992549 0.000000  
2.170002 6.657016 -5.247324 9.462635 5.805734 -4.928240 -4.783846 0.000000  
2.180008 6.606859 -5.012646 9.528744 5.819545 -4.992890 -4.580135 0.000000  
2.190001 6.559235 -4.765729 9.594291 5.833824 -5.056863 -4.382006 0.000000  
2.200004 6.514324 -4.490005 9.659450 5.848634 -5.120316 -4.189155 0.000000  
2.210005 6.472295 -4.202476 9.724180 5.863991 -5.183198 -4.001888 0.000000  
2.220002 6.433373 -3.893170 9.788497 5.879927 -5.245510 -3.820297 0.000000  
2.230002 6.397748 -3.562424 9.852476 5.896489 -5.307308 -3.644285 0.000000  
2.240003 6.365609 -3.213546 9.916139 5.913714 -5.368596 -3.473876 0.000000  
2.250004 6.337152 -2.845552 9.979513 5.931642 -5.429382 -3.309061 0.000000  
2.260002 6.312559 -2.459746 10.042630 5.950317 -5.489672 -3.149807 0.000000  
2.270006 6.291978 -2.057212 10.105574 5.969801 -5.549525 -2.995930 0.000000  
2.280007 6.275543 -1.643523 10.168332 5.990129 -5.608900 -2.847487 0.000000  
2.290003 6.263344 -1.220293 10.230945 6.011356 -5.667805 -2.704386 0.000000  
2.300005 6.255406 -0.793682 10.293509 6.033558 -5.726297 -2.566410 0.000000  
2.310004 6.251686 -0.372029 10.356020 6.056781 -5.784334 -2.433565 0.000000  
2.320002 6.252048 0.036205 10.418528 6.081092 -5.841921 -2.305728 0.000000  
2.330001 6.256235 0.418786 10.481086 6.106562 -5.899059 -2.182771 0.000000  
2.340005 6.263851 0.761273 10.543747 6.133265 -5.955745 -2.064561 0.000000  
2.350000 6.274317 1.047111 10.606460 6.161232 -6.011877 -1.951154 0.000000  
2.360001 6.286855 1.253793 10.669331 6.190563 -6.067487 -1.842300 0.000000  
2.370004 6.300465 1.360556 10.732358 6.221310 -6.122505 -1.737942 0.000000  
2.380001 6.313878 1.341613 10.795479 6.253493 -6.176806 -1.638092 0.000000  
2.390002 6.325561 1.168237 10.858736 6.287175 -6.230350 -1.542581 0.000000  
2.400007 6.333717 0.815263 10.922106 6.322387 -6.283036 -1.451319 0.000000  
2.410003 6.336290 0.257387 10.985447 6.359078 -6.334668 -1.364359 0.000000  
2.420004 6.331480 -0.481001 11.048768 6.397271 -6.385174 -1.281512 0.000000  
2.430002 6.325513 -0.596790 11.112010 6.436942 -6.434426 -1.202665 0.000000  
2.440004 6.324535 -0.097808 11.175269 6.478153 -6.482419 -1.127506 0.000000  
2.450008 6.327856 0.331960 11.238574 6.520924 -6.529090 -1.055816 0.000000  
2.460003 6.334493 0.664017 11.301884 6.565220 -6.574324 -0.987454 0.000000  
2.470003 6.343459 0.896655 11.365318 6.611109 -6.618119 -0.922113 0.000000  
2.480005 6.353793 1.033256 11.428867 6.658568 -6.660381 -0.859631 0.000000  
2.490004 6.364564 1.077165 11.492509 6.707555 -6.701009 -0.799860 0.000000  
2.500006 6.374896 1.033044 11.556268 6.758051 -6.739937 -0.742617 0.000000  
2.510004 6.383997 0.910267 11.620097 6.809975 -6.777057 -0.687786 0.000000  
2.520001 6.391178 0.718272 11.683992 6.863273 -6.812299 -0.635221 0.000000  
2.530009 6.395883 0.470077 11.747998 6.917922 -6.845620 -0.584747 0.000000  
2.540008 6.397701 0.181848 11.811973 6.973733 -6.876891 -0.536346 0.000000  
2.550008 6.396401 -0.130045 11.875937 7.030648 -6.906082 -0.489882 0.000000  
2.560006 6.391949 -0.445299 11.939840 7.088540 -6.933140 -0.445282 0.000000  
2.570005 6.384534 -0.741572 12.003678 7.147319 -6.958044 -0.402457 0.000000  
2.580006 6.374578 -0.995417 12.067432 7.206881 -6.980780 -0.361340 0.000000  
2.590007 6.362790 -1.178637 12.131068 7.267104 -7.001343 -0.321896 0.000000  
2.600002 6.350199 -1.259715 12.194540 7.327851 -7.019740 -0.284111 0.000000  
2.610000 6.290413 -5.979995 12.257430 7.388627 -7.035907 -0.248199 0.000000  
2.620002 5.946026 -34.432581 12.316900 7.446562 -7.049336 -0.215652 0.000000  
2.630007 5.559730 -38.610141 12.372526 7.501097 -7.060296 -0.186489 0.000000  
2.640009 5.183903 -37.575474 12.424375 7.552184 -7.069153 -0.160467 0.000000  
2.650007 4.821795 -36.217240 12.472584 7.599868 -7.076249 -0.137334 0.000000  
2.660009 4.475260 -34.646963 12.517345 7.644272 -7.081888 -0.116835 0.000000  
2.670001 4.145491 -33.004316 12.558766 7.685455 -7.086325 -0.098771 0.000000  
2.680009 3.832703 -31.252895 12.597124 7.723656 -7.089792 -0.082885 0.000000  
2.690007 3.536852 -29.589686 12.632488 7.758918 -7.092468 -0.069023 0.000000  
2.700000 3.257887 -27.915846 12.665044 7.791410 -7.094514 -0.056990 0.000000  
2.710007 2.994906 -26.281802 12.695011 7.821338 -7.096062 -0.046591 0.000000  
2.720008 2.747219 -24.764876 12.722488 7.848790 -7.097217 -0.037686 0.000000  
2.730012 2.514210 -23.291154 12.747640 7.873928 -7.098069 -0.030117 0.000000  
2.740014 2.295074 -21.910881 12.770594 7.896873 -7.098686 -0.023744 0.000000  
2.750006 2.089146 -20.609219 12.791469 7.917743 -7.099125 -0.018439 0.000000  
2.760017 1.895433 -19.350319 12.810444 7.936716 -7.099433 -0.014063 0.000000  
2.770008 1.713284 -18.231201 12.827561 7.953832 -7.099642 -0.010517 0.000000  
2.780011 1.542019 -17.121050 12.842986 7.969256 -7.099782 -0.007680 0.000000  
2.790003 1.380822 -16.132219 12.856784 7.983054 -7.099873 -0.005458 0.000000  
2.800002 1.229011 -15.182105 12.869073 7.995343 -7.099929 -0.003753 0.000000  
2.810008 1.085732 -14.319449 12.879937 8.006206 -7.099963 -0.002480 0.000000  
2.820021 0.950273 -13.529340 12.889451 8.015721 -7.099982 -0.001560 0.000000  
2.830005 0.822113 -12.836394 12.897659 8.023929 -7.099992 -0.000924 0.000000  
2.840027 0.700284 -12.155652 12.904678 8.030947 -7.099997 -0.000504 0.000000  
2.850011 0.584062 -11.641044 12.910509 8.036779 -7.099999 -0.000247 0.000000  
2.860049 0.472564 -11.107592 12.915253 8.041522 -7.100000 -0.000103 0.000000  
2.870031 0.365054 -10.770175 12.918897 8.045166 -7.100000 -0.000034 0.000000  
2.880117 0.260440 -10.372621 12.921523 8.047793 -7.100000 -0.000007 0.000000  
2.890129 0.157951 -10.236054 12.923105 8.049374 -7.100000 -0.000001 0.000000  
2.900853 0.053670 -9.724181 12.923680 8.049950 -7.100000 -0.000000 0.000000  
