Potato5
183
0.000000 0.000000 0.000000 0.000025 0.000025 -0.000000 -0.000000 0.000000  
0.010000 0.052500 5.250000 0.000550 0.000550 -0.000000 -0.000000 -0.000446  
0.020000 0.150000 9.749999 0.002050 0.002050 -0.000000 -0.000002 -0.001605  
0.030000 0.250000 9.999994 0.004550 0.004550 -0.000000 -0.000008 -0.003588  
0.040000 0.350001 9.999980 0.008050 0.008050 -0.000000 -0.000026 -0.006350  
0.050000 0.450002 9.999953 0.012550 0.012550 -0.000000 -0.000062 -0.009851  
0.060001 0.550004 9.999909 0.018050 0.018050 -0.000001 -0.000128 -0.014142  
0.070001 0.650009 9.999844 0.024551 0.024551 -0.000002 -0.000237 -0.019150  
0.080002 0.750019 9.999754 0.032052 0.032052 -0.000004 -0.000402 -0.024895  
0.090004 0.850034 9.999635 0.040554 0.040554 -0.000009 -0.000641 -0.031312  
0.100007 0.950059 9.999486 0.050057 0.050057 -0.000016 -0.000972 -0.038397  
0.110012 1.050096 9.999302 0.060563 0.060563 -0.000029 -0.001417 -0.046150  
0.120018 1.150149 9.999081 0.072072 0.072072 -0.000048 -0.001996 -0.054487  
0.130007 1.250127 10.008456 0.084560 0.084560 -0.000078 -0.002732 -0.063357  
0.140002 1.350050 9.997152 0.098054 0.098053 -0.000121 -0.003651 -0.072768  
0.150004 1.450031 9.997087 0.112555 0.112555 -0.000182 -0.004778 -0.082650  
0.160011 1.550073 9.996912 0.128067 0.128067 -0.000266 -0.006140 -0.092944  
0.170010 1.650105 10.004019 0.144567 0.144566 -0.000380 -0.007762 -0.103616  
0.180004 1.750074 10.002461 0.162058 0.162056 -0.000533 -0.009671 -0.114575  
0.190010 1.850074 9.994482 0.180569 0.180566 -0.000732 -0.011896 -0.125784  
0.200002 1.950061 10.006801 0.200054 0.200049 -0.000988 -0.014459 -0.137174  
0.210009 2.050055 9.992696 0.220568 0.220561 -0.001314 -0.017392 -0.148682  
0.220008 2.150084 10.003880 0.242067 0.242056 -0.001723 -0.020713 -0.160255  
0.230002 2.250054 10.002061 0.264556 0.264539 -0.002231 -0.024447 -0.171764  
0.240007 2.350053 9.995139 0.288068 0.288043 -0.002854 -0.028620 -0.183233  
0.250003 2.450058 10.004360 0.312559 0.312522 -0.003610 -0.033244 -0.194506  
0.260005 2.550046 9.997450 0.338063 0.338009 -0.004522 -0.038345 -0.205584  
0.270004 2.650052 10.000829 0.364563 0.364487 -0.005610 -0.043933 -0.216400  
0.280006 2.750059 9.999088 0.392068 0.391962 -0.006900 -0.050025 -0.226879  
0.290004 2.850058 10.001887 0.420563 0.420416 -0.008417 -0.056626 -0.236975  
0.300002 2.950040 9.999977 0.450058 0.449858 -0.010188 -0.063747 -0.246639  
0.310004 3.050040 9.998220 0.480564 0.480294 -0.012244 -0.071396 -0.255835  
0.320005 3.150053 10.000632 0.512066 0.511707 -0.014614 -0.079572 -0.264555  
0.330000 3.250033 10.002731 0.544551 0.544078 -0.017330 -0.088271 -0.272741  
0.340002 3.350018 9.996929 0.578057 0.577440 -0.020428 -0.097500 -0.280396  
0.350005 3.450043 9.999150 0.612569 0.611772 -0.023942 -0.107251 -0.287521  
0.360006 3.550065 10.001148 0.648073 0.647055 -0.027906 -0.117513 -0.294085  
0.370001 3.650048 10.002976 0.684556 0.683265 -0.032356 -0.128274 -0.300120  
0.380001 3.750023 9.997724 0.722056 0.720433 -0.037332 -0.139533 -0.305618  
0.390002 3.850025 9.999783 0.760558 0.758534 -0.042871 -0.151275 -0.310639  
0.400005 3.950045 9.998411 0.800072 0.797568 -0.049013 -0.163491 -0.315182  
0.410001 4.050043 10.003764 0.840557 0.837481 -0.055791 -0.176154 -0.319291  
0.420005 4.150044 9.996018 0.882074 0.878322 -0.063252 -0.189272 -0.323016  
0.430000 4.250039 10.004684 0.924552 0.920006 -0.071423 -0.202808 -0.326381  
0.440006 4.350042 9.994387 0.968079 0.962605 -0.080360 -0.216778 -0.329465  
0.450006 4.450070 10.003150 1.012578 1.006027 -0.090084 -0.231148 -0.332326  
0.460000 4.550040 10.002585 1.058052 1.050261 -0.100635 -0.245907 -0.335001  
0.470001 4.650018 9.996444 1.104559 1.095342 -0.112061 -0.261068 -0.337573  
0.480004 4.750036 9.999572 1.152070 1.141223 -0.124395 -0.276615 -0.340124  
0.490000 4.850029 10.002759 1.200554 1.187855 -0.137665 -0.292536 -0.342722  
0.500001 4.950016 9.997709 1.250059 1.235263 -0.151920 -0.308848 -0.345448  
0.510005 5.050037 9.998764 1.300576 1.283415 -0.167193 -0.325552 -0.348406  
0.520002 5.150039 10.002778 1.352063 1.332249 -0.183507 -0.342644 -0.351664  
0.530001 5.250022 9.998997 1.404560 1.381776 -0.200910 -0.360152 -0.355382  
0.540003 5.350027 9.998467 1.458071 1.431976 -0.219439 -0.378096 -0.359650  
0.550003 5.450034 10.000965 1.512570 1.482797 -0.239120 -0.396497 -0.364594  
0.560005 5.550041 9.998780 1.568080 1.534231 -0.259998 -0.415395 -0.370407  
0.570004 5.649143 9.911624 1.624564 1.586213 -0.282094 -0.434823 -0.377251  
0.580000 5.631099 -1.804930 1.680858 1.637651 -0.304963 -0.454427 -0.385185  
0.590005 5.531092 -9.996639 1.736191 1.687841 -0.328259 -0.473981 -0.394221  
0.600003 5.431075 -10.002752 1.790496 1.736727 -0.351905 -0.493498 -0.404526  
0.610000 5.331093 -10.001195 1.843791 1.784334 -0.375861 -0.513027 -0.416208  
0.620004 5.231086 -9.996685 1.896123 1.830711 -0.400106 -0.532629 -0.429450  
0.630004 5.131068 -10.002522 1.947430 1.875810 -0.424568 -0.552327 -0.444431  
0.640003 5.031074 -10.000300 1.997737 1.919662 -0.449221 -0.572178 -0.461374  
0.650001 4.931085 -10.000541 2.047039 1.962270 -0.474025 -0.592234 -0.480507  
0.660004 4.831076 -9.997803 2.095365 2.003667 -0.498959 -0.612561 -0.502119  
0.670001 4.731075 -10.003286 2.142661 2.043813 -0.523961 -0.633197 -0.526514  
0.680004 4.631078 -9.997344 2.188982 2.082764 -0.549031 -0.654230 -0.554136  
0.690001 4.531077 -10.002600 2.234282 2.120487 -0.574111 -0.675707 -0.585327  
0.700001 4.431091 -9.999083 2.278591 2.157014 -0.599191 -0.697718 -0.620733  
0.710004 4.331076 -9.998212 2.321916 2.192359 -0.624247 -0.720350 -0.660949  
0.720001 4.231072 -10.003168 2.364214 2.226493 -0.649229 -0.743669 -0.706666  
0.730000 4.131089 -9.999012 2.405523 2.259450 -0.674131 -0.767795 -0.758824  
0.740005 4.031070 -9.997577 2.445851 2.291247 -0.698937 -0.792846 -0.818539  
0.750005 3.931047 -10.002132 2.485162 2.321858 -0.723601 -0.818921 -0.887125  
0.760004 3.831048 -10.000387 2.523470 2.351302 -0.748108 -0.846169 -0.966061  
0.770001 3.731068 -10.001548 2.560768 2.379577 -0.772431 -0.874736 -1.057422  
0.780005 3.631065 -9.996108 2.597094 2.406719 -0.796575 -0.904833 -1.163662  
0.790003 3.531055 -10.003207 2.632397 2.432693 -0.820483 -0.936617 -1.287714  
0.800006 3.431049 -9.997218 2.666719 2.457537 -0.844164 -0.970356 -1.433389  
0.810002 3.331056 -10.003976 2.700014 2.481223 -0.867564 -1.006269 -1.605271  
0.820002 3.231076 -9.997301 2.732326 2.503786 -0.890694 -1.044710 -1.809583  
0.830002 3.131073 -10.000174 2.763638 2.525220 -0.913519 -1.086015 -2.054014  
0.840004 3.031067 -9.999370 2.793952 2.545533 -0.936021 -1.130609 -2.348567  
0.850001 2.931072 -10.001576 2.823257 2.564722 -0.958169 -1.178962 -2.706205  
0.860006 2.831060 -9.996395 2.851581 2.582813 -0.979963 -1.231711 -3.144470  
0.870002 2.731061 -10.004639 2.878878 2.599784 -1.001344 -1.289460 -3.685920  
0.880007 2.631059 -9.994701 2.905204 2.615678 -1.022329 -1.353158 -4.362603  
0.890001 2.531063 -10.005461 2.930499 2.630469 -1.042850 -1.423674 -5.215886  
0.900007 2.431063 -9.993831 2.954825 2.644204 -1.062927 -1.502401 -6.306921  
0.910006 2.331040 -10.003247 2.978133 2.656869 -1.082494 -1.590700 -7.717739  
0.920003 2.231062 -10.000843 3.000437 2.668486 -1.101533 -1.690464 -9.568570  
0.930005 2.131071 -9.997233 3.021752 2.679084 -1.120026 -1.804097 -12.035377  
0.940006 2.031061 -10.000218 3.042064 2.688676 -1.137930 -1.934475 -15.377602  
0.950001 1.931083 -10.002288 3.061366 2.697285 -1.155205 -2.085272 -19.988877  
0.960007 1.831084 -9.994862 3.079686 2.704955 -1.171842 -2.261565 -26.491109  
0.970005 1.731070 -10.002781 3.096995 2.711707 -1.187779 -2.469415 -35.856807  
0.980000 1.631106 -10.001462 3.113297 2.717586 -1.202985 -2.717224 -49.695444  
0.990006 1.531106 -9.994092 3.128617 2.722646 -1.217445 -3.016759 -70.764432  
1.000003 1.431098 -10.004283 3.142923 2.726927 -1.231095 -3.383039 -103.821586  
1.010008 1.331092 -9.994869 3.156242 2.730497 -1.243926 -3.838755 -157.728024  
1.020003 1.231095 -10.005218 3.168546 2.733409 -1.255880 -4.414636 -249.226418  
1.030007 1.131106 -9.994568 3.179862 2.735738 -1.266953 -5.159038 -412.708739  
1.040009 1.031079 -10.000715 3.190175 2.737549 -1.277106 -6.143789 -722.004285  
1.050004 0.931101 -10.003311 3.199481 2.738914 -1.286311 -7.484231 -1349.103660  
1.060011 0.831098 -9.993301 3.207798 2.739907 -1.294568 -9.379714 -2738.299908  
1.070001 0.731116 -10.008004 3.215102 2.740594 -1.301840 -12.176484 -6159.043906  
1.080002 0.631161 -9.993875 3.221414 2.741043 -1.308136 -16.569134 -15903.314086  
1.090006 0.531141 -9.998818 3.226727 2.741313 -1.313443 -24.052688 -49670.720739  
1.100010 0.431107 -9.999093 3.231040 2.741459 -1.317753 -38.433033 -206008.186704  
1.110040 0.330940 -9.986859 3.234360 2.741525 -1.321072 -72.194644 -1380403.571173  
1.120017 0.230908 -10.026130 3.236663 2.741548 -1.323375 -188.519038 -24564428.348435  
1.130012 0.131052 -9.990879 3.237973 2.741551 -1.324685 -2453.832398 -45002032466.240944  
1.140008 0.101096 -2.996772 3.238984 2.741550 -1.325696 295.039759 99305590.249080  
1.150045 0.198598 9.714168 3.240977 2.741536 -1.327689 91.515605 2934865.847663  
1.160023 0.298672 10.029336 3.243957 2.741486 -1.330669 44.808032 347521.410027  
1.170009 0.398492 9.995954 3.247937 2.741367 -1.334647 26.486326 72928.880014  
1.180015 0.498449 9.990089 3.252924 2.741130 -1.339628 17.397300 21117.863985  
1.190004 0.598424 10.007932 3.258902 2.740716 -1.345592 12.241678 7558.542109  
1.200006 0.698378 9.993985 3.265887 2.740047 -1.352544 9.027390 3131.385221  
1.210006 0.798386 10.000555 3.273871 2.739035 -1.360464 6.891384 1447.583951  
1.220011 0.898415 9.997458 3.282860 2.737572 -1.369332 5.399687 728.190262  
1.230008 0.998427 10.004404 3.292841 2.735538 -1.379103 4.318954 392.244575  
1.240004 1.098390 10.000751 3.303820 2.732797 -1.389733 3.511194 223.449412  
1.250003 1.198366 9.998356 3.315803 2.729198 -1.401162 2.892245 133.432375  
1.260004 1.298373 9.999302 3.328788 2.724586 -1.413298 2.408528 82.999453  
1.270004 1.398383 10.001093 3.342772 2.718806 -1.426029 2.024355 53.538097  
1.280004 1.470786 7.240316 3.357480 2.711849 -1.438984 1.719964 35.930578  
1.290004 1.491653 2.086700 3.372397 2.703923 -1.451618 1.481738 25.237980  
1.300002 1.520596 2.895012 3.387599 2.695008 -1.463928 1.290060 18.376111  
1.310003 1.559503 3.890089 3.403196 2.685061 -1.475938 1.132058 13.765020  
1.320002 1.608502 4.900656 3.419279 2.674042 -1.487649 0.999402 10.553435  
1.330005 1.667751 5.922855 3.435962 2.661891 -1.499077 0.886158 8.245999  
1.340001 1.737415 6.969502 3.453328 2.648566 -1.510209 0.788323 6.547955  
1.350004 1.817715 8.027374 3.471512 2.633979 -1.521061 0.702708 5.269058  
1.360003 1.908905 9.119605 3.490599 2.618078 -1.531614 0.627161 4.289182  
1.370004 2.007973 9.906627 3.510679 2.600805 -1.541849 0.560017 3.526979  
1.380001 2.107963 10.001735 3.531753 2.582180 -1.551705 0.500196 2.928137  
1.390004 2.207968 9.997345 3.553840 2.562214 -1.561143 0.446714 2.452573  
1.400003 2.307979 10.002400 3.576917 2.540956 -1.570116 0.398814 2.071659  
1.410002 2.407969 10.000034 3.600994 2.518426 -1.578603 0.355768 1.763262  
1.420001 2.507961 9.999932 3.626072 2.494655 -1.586588 0.316975 1.511245  
1.430004 2.607971 9.998492 3.652158 2.469664 -1.594061 0.281909 1.303291  
1.440002 2.707978 10.001869 3.679235 2.443497 -1.601012 0.250155 1.130261  
1.450001 2.807965 10.000121 3.707310 2.416170 -1.607446 0.221326 0.984923  
1.460000 2.907955 9.999500 3.736388 2.387702 -1.613365 0.195100 0.861814  
1.470000 3.007950 9.999803 3.766467 2.358115 -1.618776 0.171208 0.756653  
1.480004 3.107968 9.997713 3.797559 2.327415 -1.623691 0.149412 0.666026  
1.490003 3.207981 10.002608 3.829635 2.295647 -1.628116 0.129540 0.587376  
1.500000 3.250328 4.235784 3.862130 2.263386 -1.632001 0.111713 0.519617  
1.510002 3.156123 -9.419285 3.893695 2.231990 -1.635262 0.096313 0.462820  
1.520001 3.056113 -10.001429 3.924255 2.201553 -1.637987 0.082976 0.414579  
1.530002 2.956107 -10.000065 3.953818 2.172078 -1.640259 0.071380 0.373039  
1.540005 2.856081 -9.998964 3.982389 2.143570 -1.642148 0.061270 0.336811  
1.550004 2.756067 -10.003114 4.009945 2.116059 -1.643710 0.052450 0.304908  
1.560001 2.656086 -10.001044 4.036498 2.089537 -1.644997 0.044745 0.276494  
1.570006 2.556069 -9.996181 4.062073 2.063985 -1.646053 0.038010 0.250969  
1.580006 2.456037 -10.003011 4.086634 2.039439 -1.646913 0.032136 0.227859  
1.590009 2.356019 -9.999099 4.110200 2.015883 -1.647609 0.027019 0.206799  
1.600005 2.256021 -10.003565 4.132752 1.993338 -1.648167 0.022576 0.187496  
1.610010 2.156012 -9.995982 4.154322 1.971772 -1.648612 0.018726 0.169673  
1.620009 2.055994 -10.003505 4.174879 1.951219 -1.648962 0.015409 0.153193  
1.630010 1.955992 -9.998674 4.194442 1.931658 -1.649235 0.012563 0.137864  
1.640002 1.856023 -10.005096 4.212987 1.913115 -1.649446 0.010139 0.123594  
1.650013 1.756005 -9.990352 4.230567 1.895535 -1.649605 0.008084 0.110246  
1.660007 1.655979 -10.009195 4.247116 1.878987 -1.649725 0.006363 0.097792  
1.670002 1.556035 -9.999412 4.262668 1.863435 -1.649812 0.004933 0.086156  
1.680008 1.456030 -9.994676 4.277237 1.848866 -1.649875 0.003757 0.075273  
1.690000 1.356035 -10.006678 4.290788 1.835315 -1.649920 0.002806 0.065162  
1.700011 1.256015 -9.990984 4.303362 1.822741 -1.649950 0.002046 0.055759  
1.710018 1.155929 -10.002596 4.314928 1.811175 -1.649970 0.001451 0.047072  
1.720012 1.055925 -10.005824 4.325482 1.800622 -1.649983 0.000997 0.039099  
1.730015 0.955939 -9.996045 4.335043 1.791060 -1.649991 0.000658 0.031835  
1.740025 0.855874 -9.996294 4.343611 1.782493 -1.649996 0.000413 0.025291  
1.750007 0.755911 -10.013856 4.351157 1.774947 -1.649998 0.000244 0.019487  
1.760029 0.655891 -9.980625 4.357730 1.768374 -1.649999 0.000133 0.014402  
1.770011 0.555869 -10.019400 4.363279 1.762825 -1.650000 0.000065 0.010076  
1.780049 0.455769 -9.972878 4.367854 1.758250 -1.650000 0.000027 0.006501  
1.790029 0.355680 -10.028382 4.371403 1.754700 -1.650000 0.000009 0.003716  
1.800113 0.255358 -9.948833 4.373978 1.752125 -1.650000 0.000002 0.001680  
1.810119 0.154910 -10.038981 4.375528 1.750575 -1.650000 0.000000 0.000450  
1.820607 0.052440 -9.770080 4.376078 1.750025 -1.650000 0.000000 0.000018  
0.000000 0.000000 0.000000 0.000000 0.000025 1.000000 0.000000 0.000000  
0.010000 0.052512 5.251247 0.000525 0.000550 1.000000 -0.000000 0.000000  
0.020000 0.150156 9.764329 0.002027 0.002052 1.000000 -0.000002 0.000000  
0.030000 0.250655 10.049866 0.004533 0.004558 1.000000 -0.000008 0.000000  
0.040000 0.351743 10.108828 0.008051 0.008076 1.000000 -0.000026 0.000000  
0.050000 0.453654 10.190858 0.012587 0.012612 1.000000 -0.000062 0.000000  
0.060001 0.556612 10.295437 0.018154 0.018179 0.999999 -0.000128 0.000000  
0.070001 0.660837 10.421878 0.024762 0.024787 0.999998 -0.000237 0.000000  
0.080002 0.766543 10.569331 0.032429 0.032454 0.999996 -0.000402 0.000000  
0.090004 0.873931 10.736754 0.041170 0.041195 0.999991 -0.000641 0.000000  
0.100007 0.983193 10.922943 0.051005 0.051030 0.999983 -0.000972 0.000000  
0.110012 1.094507 11.126461 0.061954 0.061979 0.999970 -0.001417 0.000000  
0.120018 1.208034 11.345690 0.074042 0.074067 0.999950 -0.001996 0.000000  
0.130007 1.323810 11.589794 0.087266 0.087291 0.999919 -0.002732 0.000000  
0.140002 1.441969 11.821659 0.101679 0.101704 0.999873 -0.003651 0.000000  
0.150004 1.562741 12.076033 0.117308 0.117333 0.999807 -0.004778 0.000000  
0.160011 1.686205 12.337510 0.134182 0.134207 0.999715 -0.006140 0.000000  
0.170010 1.812322 12.612651 0.152304 0.152328 0.999589 -0.007762 0.000000  
0.180004 1.941036 12.878567 0.171704 0.171727 0.999421 -0.009671 0.000000  
0.190010 2.072454 13.134635 0.192440 0.192462 0.999197 -0.011896 0.000000  
0.200002 2.206477 13.413041 0.214487 0.214507 0.998907 -0.014459 0.000000  
0.210009 2.343054 13.648578 0.237933 0.237950 0.998534 -0.017392 0.000000  
0.220008 2.482119 13.907883 0.262752 0.262764 0.998062 -0.020713 0.000000  
0.230002 2.623403 14.135583 0.288972 0.288978 0.997471 -0.024447 0.000000  
0.240007 2.766863 14.339093 0.316654 0.316650 0.996737 -0.028620 0.000000  
0.250003 2.912267 14.546106 0.345766 0.345748 0.995838 -0.033244 0.000000  
0.260005 3.059361 14.707421 0.376363 0.376326 0.994744 -0.038345 0.000000  
0.270004 3.207948 14.859028 0.408442 0.408378 0.993426 -0.043933 0.000000  
0.280006 3.357736 14.976231 0.442025 0.441924 0.991851 -0.050025 0.000000  
0.290004 3.508423 15.071676 0.477102 0.476951 0.989984 -0.056626 0.000000  
0.300002 3.659697 15.130186 0.513693 0.513476 0.987786 -0.063747 0.000000  
0.310004 3.811307 15.158254 0.551813 0.551509 0.985217 -0.071396 0.000000  
0.320005 3.962934 15.161680 0.591445 0.591029 0.982235 -0.079572 0.000000  
0.330000 4.114201 15.133847 0.632567 0.632007 0.978797 -0.088271 0.000000  
0.340002 4.264865 15.064067 0.675222 0.674480 0.974852 -0.097500 0.000000  
0.350005 4.414691 14.977650 0.719384 0.718412 0.970356 -0.107251 0.000000  
0.360006 4.563347 14.863885 0.765023 0.763765 0.965260 -0.117513 0.000000  
0.370001 4.710528 14.725184 0.812105 0.810496 0.959517 -0.128274 0.000000  
0.380001 4.856068 14.554207 0.860665 0.858627 0.953073 -0.139533 0.000000  
0.390002 4.999825 14.375176 0.910665 0.908107 0.945880 -0.151275 0.000000  
0.400005 5.141635 14.175846 0.962100 0.958916 0.937884 -0.163491 0.000000  
0.410001 5.281325 13.974483 1.014893 1.010964 0.929046 -0.176154 0.000000  
0.420005 5.418854 13.747270 1.069104 1.064292 0.919303 -0.189272 0.000000  
0.430000 5.554175 13.539242 1.124616 1.118767 0.908624 -0.202808 0.000000  
0.440006 5.687316 13.306219 1.181523 1.174462 0.896941 -0.216778 0.000000  
0.450006 5.818347 13.103587 1.239704 1.231237 0.884226 -0.231148 0.000000  
0.460000 5.947251 12.897616 1.299144 1.289055 0.870436 -0.245907 0.000000  
0.470001 6.074247 12.697767 1.359895 1.347943 0.855509 -0.261068 0.000000  
0.480004 6.199544 12.526887 1.421904 1.407826 0.839411 -0.276615 0.000000  
0.490000 6.323271 12.376997 1.485115 1.468624 0.822110 -0.292536 0.000000  
0.500001 6.445701 12.241771 1.549578 1.530357 0.803549 -0.308848 0.000000  
0.510005 6.567168 12.142713 1.615271 1.592976 0.783687 -0.325552 0.000000  
0.520002 6.687934 12.079650 1.682134 1.656393 0.762501 -0.342644 0.000000  
0.530001 6.808360 12.043537 1.750213 1.720622 0.739932 -0.360152 0.000000  
0.540003 6.928904 12.051907 1.819516 1.785638 0.715935 -0.378096 0.000000  
0.550003 7.049992 12.109112 1.890014 1.851378 0.690475 -0.396497 0.000000  
0.560005 7.172125 12.211039 1.961748 1.917846 0.663495 -0.415395 0.000000  
0.570004 7.294703 12.259472 2.034685 1.984970 0.634962 -0.434823 0.000000  
0.580000 7.268342 -2.636953 2.107346 2.051365 0.605444 -0.454427 0.000000  
0.590005 7.139061 -12.922783 2.178766 2.116146 0.575375 -0.473981 0.000000  
0.600003 7.012820 -12.625406 2.248887 2.179271 0.544842 -0.493498 0.000000  
0.610000 6.889740 -12.311726 2.317764 2.240796 0.513881 -0.513027 0.000000  
0.620004 6.769788 -11.990347 2.385489 2.300815 0.482505 -0.532629 0.000000  
0.630004 6.653011 -11.678470 2.452014 2.359292 0.450786 -0.552327 0.000000  
0.640003 6.539472 -11.354999 2.517403 2.416291 0.418742 -0.572178 0.000000  
0.650001 6.429164 -11.032617 2.581684 2.471844 0.386402 -0.592234 0.000000  
0.660004 6.322081 -10.704995 2.644925 2.526017 0.353772 -0.612561 0.000000  
0.670001 6.218278 -10.383594 2.707088 2.578783 0.320910 -0.633197 0.000000  
0.680004 6.117783 -10.047072 2.768280 2.630239 0.287791 -0.654230 0.000000  
0.690001 6.020631 -9.717638 2.828471 2.680362 0.254465 -0.675707 0.000000  
0.700001 5.926893 -9.374246 2.887737 2.729220 0.220919 -0.697718 0.000000  
0.710004 5.836595 -9.026859 2.946123 2.776850 0.187152 -0.720350 0.000000  
0.720001 5.749853 -8.676611 3.003605 2.823236 0.153203 -0.743669 0.000000  
0.730000 5.666768 -8.309065 3.060269 2.868446 0.119043 -0.767795 0.000000  
0.740005 5.587402 -7.933138 3.116167 2.912518 0.084659 -0.792846 0.000000  
0.750005 5.511906 -7.549516 3.171287 2.955439 0.050076 -0.818921 0.000000  
0.760004 5.440436 -7.147391 3.225688 2.997251 0.015272 -0.846169 0.000000  
0.770001 5.373135 -6.732516 3.279400 3.037969 -0.019756 -0.874736 0.000000  
0.780005 5.310135 -6.297318 3.332524 3.077661 -0.055065 -0.904833 0.000000  
0.790003 5.251617 -5.853079 3.385029 3.116291 -0.090624 -0.936617 0.000000  
0.800006 5.197761 -5.383802 3.437024 3.153927 -0.126500 -0.970356 0.000000  
0.810002 5.148740 -4.904321 3.488488 3.190536 -0.162670 -1.006269 0.000000  
0.820002 5.104717 -4.402030 3.539538 3.226182 -0.199214 -1.044710 0.000000  
0.830002 5.065818 -3.889859 3.590197 3.260859 -0.236145 -1.086015 0.000000  
0.840004 5.032164 -3.365031 3.640525 3.294580 -0.273505 -1.130609 0.000000  
0.850001 5.003818 -2.835143 3.690552 3.327337 -0.311317 -1.178962 0.000000  
0.860006 4.980763 -2.304452 3.740384 3.359163 -0.349661 -1.231711 0.000000  
0.870002 4.962892 -1.787914 3.789989 3.390001 -0.388516 -1.289460 0.000000  
0.880007 4.949957 -1.292748 3.839516 3.419900 -0.428000 -1.353158 0.000000  
0.890001 4.941538 -0.842404 3.888903 3.448775 -0.468066 -1.423674 0.000000  
0.900007 4.936990 -0.454577 3.938303 3.476663 -0.508841 -1.502401 0.000000  
0.910006 4.935389 -0.160030 3.987653 3.503474 -0.550272 -1.590700 0.000000  
0.920003 4.935479 0.008958 4.036992 3.529170 -0.592392 -1.690464 0.000000  
0.930005 4.935601 0.012235 4.086357 3.553709 -0.635226 -1.804097 0.000000  
0.940006 4.933649 -0.195202 4.135698 3.577004 -0.678721 -1.934475 0.000000  
0.950001 4.927024 -0.662839 4.184946 3.598965 -0.722801 -2.085272 0.000000  
0.960007 4.912609 -1.440783 4.234097 3.619536 -0.767440 -2.261565 0.000000  
0.970005 4.886801 -2.581124 4.282958 3.638592 -0.812433 -2.469415 0.000000  
0.980000 4.845600 -4.122155 4.331390 3.656051 -0.857608 -2.717224 0.000000  
0.990006 4.784658 -6.090562 4.379265 3.671855 -0.902799 -3.016759 0.000000  
1.000003 4.699580 -8.510890 4.426244 3.685909 -0.947627 -3.383039 0.000000  
1.010008 4.586105 -11.340910 4.472131 3.698201 -0.991838 -3.838755 0.000000  
1.020003 4.440455 -14.573104 4.516511 3.708701 -1.034958 -4.414636 0.000000  
1.030007 4.259558 -18.081786 4.559125 3.717465 -1.076661 -5.159038 0.000000  
1.040009 4.041269 -21.824569 4.599546 3.724560 -1.116454 -6.143789 0.000000  
1.050004 3.784914 -25.649644 4.637374 3.730106 -1.153874 -7.484231 0.000000  
1.060011 3.490714 -29.399396 4.672306 3.734272 -1.188556 -9.379714 0.000000  
1.070001 3.160462 -33.057618 4.703879 3.737238 -1.219990 -12.176484 0.000000  
1.080002 2.796924 -36.347977 4.731853 3.739226 -1.247893 -16.569134 0.000000  
1.090006 2.403375 -39.342262 4.755895 3.740450 -1.271903 -24.052688 0.000000  
1.100010 1.984234 -41.896108 4.775746 3.741121 -1.291743 -38.433033 0.000000  
1.110040 1.543590 -43.932837 4.791228 3.741430 -1.307222 -72.194644 0.000000  
1.120017 1.087478 -45.715850 4.802078 3.741533 -1.318071 -188.519038 0.000000  
1.130012 0.621006 -46.671937 4.808284 3.741551 -1.324278 -2453.832398 0.000000  
1.140008 200.079665 19953.844570 6.808281 1.741556 -1.322307 295.039759 0.000000  
1.150045 0.552347 -19879.093189 6.813825 1.741595 -1.316763 91.515605 0.000000  
1.160023 0.842512 29.079942 6.822232 1.741735 -1.308357 44.808032 0.000000  
1.170009 1.146020 30.393278 6.833676 1.742079 -1.296918 26.486326 0.000000  
1.180015 1.468378 32.217789 6.848368 1.742778 -1.282243 17.397300 0.000000  
1.190004 1.813058 34.504046 6.866479 1.744035 -1.264175 12.241678 0.000000  
1.200006 2.182821 36.970840 6.888311 1.746127 -1.242444 9.027390 0.000000  
1.210006 2.579255 39.642323 6.914104 1.749400 -1.216859 6.891384 0.000000  
1.220011 3.001103 42.161985 6.944131 1.754292 -1.187233 5.399687 0.000000  
1.230008 3.443420 44.246057 6.978554 1.761311 -1.153533 4.318954 0.000000  
1.240004 3.896334 45.311557 7.017500 1.771042 -1.115822 3.511194 0.000000  
1.250003 4.344289 44.798648 7.060940 1.784095 -1.074390 2.892245 0.000000  
1.260004 4.764883 42.053834 7.108595 1.801026 -1.029844 2.408528 0.000000  
1.270004 5.129754 36.487215 7.159893 1.822232 -0.983135 2.024355 0.000000  
1.280004 5.309540 17.978779 7.212988 1.847346 -0.936356 1.719964 0.000000  
1.290004 5.210387 -9.914855 7.265094 1.875029 -0.892211 1.481738 0.000000  
1.300002 5.054218 -15.621131 7.315622 1.904654 -0.851278 1.290060 0.000000  
1.310003 4.851626 -20.256079 7.364146 1.935593 -0.813897 1.132058 0.000000  
1.320002 4.607674 -24.398920 7.410216 1.967147 -0.780330 0.999402 0.000000  
1.330005 4.327921 -27.965288 7.453510 1.998670 -0.750653 0.886158 0.000000  
1.340001 4.018174 -30.988873 7.493674 2.029479 -0.724886 0.788323 0.000000  
1.350004 3.683900 -33.416121 7.530525 2.059031 -0.702871 0.702708 0.000000  
1.360003 3.330043 -35.388101 7.563823 2.086763 -0.684440 0.627161 0.000000  
1.370004 2.956723 -37.331567 7.593391 2.112190 -0.669349 0.560017 0.000000  
1.380001 2.562817 -39.401287 7.619012 2.134826 -0.657348 0.500196 0.000000  
1.390004 2.159214 -40.347764 7.640611 2.154346 -0.648102 0.446714 0.000000  
1.400003 1.755924 -40.334104 7.658168 2.170515 -0.641260 0.398814 0.000000  
1.410002 1.360301 -39.566446 7.671770 2.183239 -0.636452 0.355768 0.000000  
1.420001 0.977076 -38.325003 7.681540 2.192496 -0.633330 0.316975 0.000000  
1.430004 0.609074 -36.791042 7.687632 2.198330 -0.631575 0.281909 0.000000  
1.440002 0.257758 -35.135779 7.690209 2.200819 -0.630905 0.250155 0.000000  
1.450001 0.076508 -18.127595 7.690974 2.200073 -0.631074 0.221326 0.000000  
1.460000 0.394213 31.772159 7.694916 2.196212 -0.631870 0.195100 0.000000  
1.470000 0.696269 30.206393 7.701879 2.189363 -0.633118 0.171208 0.000000  
1.480004 0.983903 28.751539 7.711722 2.179643 -0.634670 0.149412 0.000000  
1.490003 1.258372 27.450702 7.724304 2.167180 -0.636402 0.129540 0.000000  
1.500000 1.492757 23.444281 7.739228 2.152363 -0.638183 0.111713 0.000000  
1.510002 1.632722 13.994708 7.755557 2.136121 -0.639868 0.096313 0.000000  
1.520001 1.732942 10.022473 7.772886 2.118861 -0.641412 0.082976 0.000000  
1.530002 1.803422 7.047645 7.790921 2.100879 -0.642797 0.071380 0.000000  
1.540005 1.849880 4.644106 7.809426 2.082414 -0.644020 0.061270 0.000000  
1.550004 1.876668 2.679282 7.828190 2.063681 -0.645083 0.052450 0.000000  
1.560001 1.887174 1.050888 7.847056 2.044837 -0.645997 0.044745 0.000000  
1.570006 1.884052 -0.312025 7.865907 2.026002 -0.646775 0.038010 0.000000  
1.580006 1.869390 -1.466188 7.884601 2.007319 -0.647429 0.032136 0.000000  
1.590009 1.844861 -2.452255 7.903055 1.988874 -0.647974 0.027019 0.000000  
1.600005 1.811816 -3.305688 7.921166 1.970768 -0.648422 0.022576 0.000000  
1.610010 1.771336 -4.046080 7.938888 1.953050 -0.648787 0.018726 0.000000  
1.620009 1.724309 -4.703425 7.956128 1.935812 -0.649081 0.015409 0.000000  
1.630010 1.671482 -5.281942 7.972846 1.919096 -0.649314 0.012563 0.000000  
1.640002 1.613476 -5.805374 7.988967 1.902976 -0.649497 0.010139 0.000000  
1.650013 1.550751 -6.265353 8.004493 1.887451 -0.649638 0.008084 0.000000  
1.660007 1.483762 -6.703229 8.019320 1.872624 -0.649745 0.006363 0.000000  
1.670002 1.412945 -7.085334 8.033443 1.858502 -0.649824 0.004933 0.000000  
1.680008 1.338519 -7.438153 8.046836 1.845109 -0.649882 0.003757 0.000000  
1.690000 1.260824 -7.775132 8.059435 1.832510 -0.649924 0.002806 0.000000  
1.700011 1.180086 -8.064887 8.071249 1.820696 -0.649952 0.002046 0.000000  
1.710018 1.096508 -8.352797 8.082221 1.809724 -0.649971 0.001451 0.000000  
1.720012 1.010437 -8.611756 8.092319 1.799625 -0.649984 0.000997 0.000000  
1.730015 0.922036 -8.837802 8.101542 1.790402 -0.649991 0.000658 0.000000  
1.740025 0.831430 -9.051487 8.109865 1.782080 -0.649996 0.000413 0.000000  
1.750007 0.738989 -9.260217 8.117242 1.774703 -0.649998 0.000244 0.000000  
1.760029 0.644780 -9.400782 8.123703 1.768241 -0.649999 0.000133 0.000000  
1.770011 0.549068 -9.587729 8.129185 1.762760 -0.650000 0.000065 0.000000  
1.780049 0.451993 -9.671463 8.133721 1.758223 -0.650000 0.000027 0.000000  
1.790029 0.353867 -9.831760 8.137253 1.754691 -0.650000 0.000009 0.000000  
1.800113 0.254672 -9.837042 8.139821 1.752123 -0.650000 0.000002 0.000000  
1.810119 0.154746 -9.986787 8.141370 1.750575 -0.650000 0.000000 0.000000  
1.820607 0.052428 -9.755586 8.141920 1.750025 -0.650000 0.000000 0.000000  
0.000000 0.000000 0.000000 0.000000 0.000025 -1.000000 0.000000 0.000000  
0.010000 0.052488 5.248753 0.000525 0.000550 -1.000000 -0.000000 0.000000  
0.020000 0.149844 9.735669 0.002023 0.002048 -1.000000 -0.000002 0.000000  
0.030000 0.249346 9.950120 0.004517 0.004542 -1.000000 -0.000008 0.000000  
0.040000 0.348257 9.891129 0.007999 0.008024 -1.000000 -0.000026 0.000000  
0.050000 0.446349 9.809043 0.012463 0.012488 -1.000000 -0.000062 0.000000  
0.060001 0.543397 9.704374 0.017897 0.017922 -1.000001 -0.000128 0.000000  
0.070001 0.639181 9.577800 0.024289 0.024314 -1.000002 -0.000237 0.000000  
0.080002 0.733494 9.430163 0.031625 0.031650 -1.000004 -0.000402 0.000000  
0.090004 0.826136 9.262500 0.039888 0.039913 -1.000008 -0.000641 0.000000  
0.100007 0.916923 9.076008 0.049060 0.049085 -1.000016 -0.000972 0.000000  
0.110012 1.005684 8.872117 0.059121 0.059146 -1.000028 -0.001417 0.000000  
0.120018 1.092262 8.652442 0.070051 0.070076 -1.000046 -0.001996 0.000000  
0.130007 1.176444 8.427081 0.081803 0.081828 -1.000074 -0.002732 0.000000  
0.140002 1.258130 8.172602 0.094378 0.094403 -1.000114 -0.003651 0.000000  
0.150004 1.337319 7.918091 0.107752 0.107777 -1.000170 -0.004778 0.000000  
0.160011 1.413937 7.656257 0.121902 0.121927 -1.000247 -0.006140 0.000000  
0.170010 1.487884 7.395320 0.136780 0.136804 -1.000350 -0.007762 0.000000  
0.180004 1.559107 7.126278 0.152362 0.152386 -1.000486 -0.009671 0.000000  
0.190010 1.627687 6.854241 0.168648 0.168671 -1.000661 -0.011896 0.000000  
0.200002 1.693639 6.600460 0.185571 0.185592 -1.000884 -0.014459 0.000000  
0.210009 1.757048 6.336700 0.203153 0.203172 -1.001163 -0.017392 0.000000  
0.220008 1.818039 6.099747 0.221331 0.221347 -1.001509 -0.020713 0.000000  
0.230002 1.876694 5.868392 0.240089 0.240100 -1.001932 -0.024447 0.000000  
0.240007 1.933231 5.651018 0.259430 0.259435 -1.002444 -0.028620 0.000000  
0.250003 1.987834 5.462428 0.279301 0.279296 -1.003058 -0.033244 0.000000  
0.260005 2.040714 5.287270 0.299711 0.299693 -1.003787 -0.038345 0.000000  
0.270004 2.092137 5.142397 0.320632 0.320596 -1.004647 -0.043933 0.000000  
0.280006 2.142362 5.021689 0.342059 0.341999 -1.005652 -0.050025 0.000000  
0.290004 2.191670 4.931816 0.363971 0.363881 -1.006818 -0.056626 0.000000  
0.300002 2.240356 4.869459 0.386371 0.386240 -1.008163 -0.063747 0.000000  
0.310004 2.288743 4.837850 0.409263 0.409079 -1.009705 -0.071396 0.000000  
0.320005 2.337139 4.839224 0.432635 0.432386 -1.011463 -0.079572 0.000000  
0.330000 2.385828 4.871231 0.456483 0.456150 -1.013457 -0.088271 0.000000  
0.340002 2.435130 4.929382 0.480838 0.480400 -1.015709 -0.097500 0.000000  
0.350005 2.485349 5.020221 0.505699 0.505133 -1.018240 -0.107251 0.000000  
0.360006 2.536734 5.137966 0.531069 0.530345 -1.021072 -0.117513 0.000000  
0.370001 2.589512 5.280311 0.556952 0.556034 -1.024229 -0.128274 0.000000  
0.380001 2.643919 5.440767 0.583391 0.582239 -1.027737 -0.139533 0.000000  
0.390002 2.700160 5.623912 0.610394 0.608961 -1.031622 -0.151275 0.000000  
0.400005 2.758386 5.820491 0.637987 0.636219 -1.035911 -0.163491 0.000000  
0.410001 2.818688 6.032572 0.666163 0.663997 -1.040628 -0.176154 0.000000  
0.420005 2.881156 6.244283 0.694987 0.692351 -1.045808 -0.189272 0.000000  
0.430000 2.945819 6.469673 0.724429 0.721244 -1.051471 -0.202808 0.000000  
0.440006 3.012680 6.682093 0.754574 0.750747 -1.057660 -0.216778 0.000000  
0.450006 3.081700 6.902291 0.785390 0.780818 -1.064395 -0.231148 0.000000  
0.460000 3.152732 7.107153 0.816899 0.811468 -1.071705 -0.245907 0.000000  
0.470001 3.225689 7.294727 0.849161 0.842740 -1.079632 -0.261068 0.000000  
0.480004 3.300425 7.471898 0.882173 0.874620 -1.088202 -0.276615 0.000000  
0.490000 3.376681 7.628201 0.915928 0.907086 -1.097441 -0.292536 0.000000  
0.500001 3.454222 7.753338 0.950473 0.940169 -1.107388 -0.308848 0.000000  
0.510005 3.532793 7.854538 0.985813 0.973854 -1.118072 -0.325552 0.000000  
0.520002 3.612030 7.925672 1.021924 1.008105 -1.129515 -0.342644 0.000000  
0.530001 3.691566 7.954233 1.058837 1.042930 -1.141752 -0.360152 0.000000  
0.540003 3.771030 7.944821 1.096555 1.078315 -1.154812 -0.378096 0.000000  
0.550003 3.849955 7.892640 1.135054 1.114216 -1.168716 -0.396497 0.000000  
0.560005 3.927833 7.786344 1.174339 1.150617 -1.183491 -0.415395 0.000000  
0.570004 4.003459 7.563622 1.214368 1.187456 -1.199151 -0.434823 0.000000  
0.580000 3.993739 -0.972290 1.254293 1.223938 -1.215370 -0.454427 0.000000  
0.590005 3.923016 -7.069408 1.293539 1.259536 -1.231893 -0.473981 0.000000  
0.600003 3.849233 -7.379051 1.332028 1.294184 -1.248652 -0.493498 0.000000  
0.610000 3.772359 -7.689691 1.369740 1.327872 -1.265604 -0.513027 0.000000  
0.620004 3.692306 -8.002134 1.406678 1.360606 -1.282717 -0.532629 0.000000  
0.630004 3.609054 -8.325722 1.442766 1.392329 -1.299923 -0.552327 0.000000  
0.640003 3.522614 -8.644817 1.477989 1.423032 -1.317184 -0.572178 0.000000  
0.650001 3.432951 -8.967735 1.512313 1.452696 -1.334452 -0.592234 0.000000  
0.660004 3.340023 -9.289945 1.545723 1.481316 -1.351690 -0.612561 0.000000  
0.670001 3.243830 -9.622345 1.578151 1.508843 -1.368832 -0.633197 0.000000  
0.680004 3.144336 -9.947055 1.609602 1.535290 -1.385854 -0.654230 0.000000  
0.690001 3.041492 -10.287030 1.640009 1.560611 -1.402688 -0.675707 0.000000  
0.700001 2.935262 -10.623448 1.669361 1.584808 -1.419301 -0.697718 0.000000  
0.710004 2.825534 -10.969143 1.697625 1.607867 -1.435647 -0.720350 0.000000  
0.720001 2.712273 -11.329333 1.724741 1.629749 -1.451661 -0.743669 0.000000  
0.730000 2.595395 -11.688627 1.750693 1.650455 -1.467305 -0.767795 0.000000  
0.740005 2.474725 -12.061735 1.775451 1.669976 -1.482533 -0.792846 0.000000  
0.750005 2.350178 -12.454499 1.798953 1.688278 -1.497278 -0.818921 0.000000  
0.760004 2.221653 -12.853189 1.821168 1.705353 -1.511489 -0.846169 0.000000  
0.770001 2.088996 -13.270431 1.842051 1.721185 -1.525106 -0.874736 0.000000  
0.780005 1.951990 -13.694816 1.861579 1.735776 -1.538084 -0.904833 0.000000  
0.790003 1.810488 -14.153281 1.879680 1.749096 -1.550342 -0.936617 0.000000  
0.800006 1.664332 -14.610653 1.896329 1.761148 -1.561828 -0.970356 0.000000  
0.810002 1.513366 -15.103679 1.911455 1.771910 -1.572458 -1.006269 0.000000  
0.820002 1.357429 -15.592700 1.925031 1.781391 -1.582174 -1.044710 0.000000  
0.830002 1.196320 -16.110663 1.936994 1.789582 -1.590893 -1.086015 0.000000  
0.840004 1.029960 -16.633942 1.947295 1.796486 -1.598538 -1.130609 0.000000  
0.850001 0.858313 -17.168291 1.955876 1.802107 -1.605022 -1.178962 0.000000  
0.860006 0.681341 -17.688699 1.962693 1.806463 -1.610265 -1.231711 0.000000  
0.870002 0.499210 -18.221740 1.967682 1.809568 -1.614171 -1.289460 0.000000  
0.880007 0.312136 -18.697122 1.970806 1.811456 -1.616659 -1.353158 0.000000  
0.890001 0.120557 -19.168944 1.972010 1.812164 -1.617634 -1.423674 0.000000  
0.900007 0.074900 -4.562916 1.972760 1.811745 -1.617013 -1.502401 0.000000  
0.910006 0.273352 19.846919 1.975493 1.810264 -1.614715 -1.590700 0.000000  
0.920003 0.473402 20.011194 1.980226 1.807803 -1.610673 -1.690464 0.000000  
0.930005 0.673512 20.007267 1.986962 1.804459 -1.604825 -1.804097 0.000000  
0.940006 0.871585 19.805750 1.995679 1.800348 -1.597139 -1.934475 0.000000  
0.950001 1.064920 19.342177 2.006323 1.795605 -1.587609 -2.085272 0.000000  
0.960007 1.250507 18.549328 2.018834 1.790374 -1.576244 -2.261565 0.000000  
0.970005 1.424730 17.424652 2.033080 1.784823 -1.563125 -2.469415 0.000000  
0.980000 1.583458 15.880833 2.048906 1.779122 -1.548361 -2.717224 0.000000  
0.990006 1.722516 13.897543 2.066142 1.773437 -1.532090 -3.016759 0.000000  
1.000003 1.837448 11.497346 2.084510 1.767946 -1.514562 -3.383039 0.000000  
1.010008 1.923982 8.648349 2.103761 1.762792 -1.496014 -3.838755 0.000000  
1.020003 1.978318 5.436622 2.123533 1.758118 -1.476802 -4.414636 0.000000  
1.030007 1.997392 1.906540 2.143515 1.754011 -1.457246 -5.159038 0.000000  
1.040009 1.979147 -1.824070 2.163311 1.750538 -1.437758 -6.143789 0.000000  
1.050004 1.922738 -5.643995 2.182528 1.747723 -1.418748 -7.484231 0.000000  
1.060011 1.828535 -9.413711 2.200826 1.745542 -1.400580 -9.379714 0.000000  
1.070001 1.698239 -13.042459 2.217792 1.743949 -1.383690 -12.176484 0.000000  
1.080002 1.534603 -16.360904 2.233140 1.742859 -1.368380 -16.569134 0.000000  
1.090006 1.341090 -19.345122 2.246555 1.742176 -1.354982 -24.052688 0.000000  
1.100010 1.122014 -21.898215 2.257780 1.741797 -1.343764 -38.433033 0.000000  
1.110040 0.881705 -23.959211 2.266624 1.741621 -1.334922 -72.194644 0.000000  
1.120017 0.625656 -25.663511 2.272866 1.741562 -1.328680 -188.519038 0.000000  
1.130012 0.358898 -26.689962 2.276453 1.741551 -1.325093 -2453.832398 0.000000  
1.140008 200.079670 19980.066271 4.276450 3.741544 -1.329085 295.039759 0.000000  
1.150045 0.949547 -19839.520227 4.285980 3.741476 -1.338616 91.515605 0.000000  
1.160023 1.439863 49.138682 4.300348 3.741237 -1.352981 44.808032 0.000000  
1.170009 1.943008 50.384992 4.319750 3.740655 -1.372375 26.486326 0.000000  
1.180015 2.465274 52.197389 4.344417 3.739482 -1.397014 17.397300 0.000000  
1.190004 3.009893 54.518818 4.374485 3.737396 -1.427009 12.241678 0.000000  
1.200006 3.579546 56.957006 4.410285 3.733968 -1.462645 9.027390 0.000000  
1.210006 4.175971 59.640734 4.452046 3.728670 -1.504068 6.891384 0.000000  
1.220011 4.797838 62.153060 4.500050 3.720852 -1.551432 5.399687 0.000000  
1.230008 5.440126 64.249699 4.554434 3.709765 -1.604673 4.318954 0.000000  
1.240004 6.092899 65.306350 4.615336 3.694552 -1.663645 3.511194 0.000000  
1.250003 6.740724 64.787039 4.682738 3.674301 -1.727933 2.892245 0.000000  
1.260004 7.361233 62.042688 4.756360 3.648146 -1.796752 2.408528 0.000000  
1.270004 7.926017 56.478703 4.835620 3.615380 -1.868922 2.024355 0.000000  
1.280004 8.250532 32.451768 4.918125 3.576352 -1.941612 1.719964 0.000000  
1.290004 8.193111 -5.741893 5.000060 3.532817 -2.011024 1.481738 0.000000  
1.300002 8.094827 -9.830949 5.080986 3.485363 -2.076577 1.290060 0.000000  
1.310003 7.970053 -12.475502 5.160699 3.434529 -2.137978 1.132058 0.000000  
1.320002 7.824107 -14.596849 5.238928 3.380937 -2.194967 0.999402 0.000000  
1.330005 7.662863 -16.118662 5.315584 3.325113 -2.247500 0.886158 0.000000  
1.340001 7.492455 -17.048627 5.390474 3.267653 -2.295531 0.788323 0.000000  
1.350004 7.318795 -17.360136 5.463687 3.208928 -2.339251 0.702708 0.000000  
1.360003 7.147332 -17.147430 5.535155 3.149392 -2.378789 0.627161 0.000000  
1.370004 6.972164 -17.516611 5.604878 3.089419 -2.414348 0.560017 0.000000  
1.380001 6.778262 -19.395487 5.672642 3.029534 -2.446062 0.500196 0.000000  
1.390004 6.574694 -20.350401 5.738409 2.970082 -2.474183 0.446714 0.000000  
1.400003 6.371457 -20.326359 5.802116 2.911396 -2.498972 0.398814 0.000000  
1.410002 6.175842 -19.563428 5.863868 2.853614 -2.520755 0.355768 0.000000  
1.420001 5.992632 -18.322262 5.923790 2.796814 -2.539845 0.316975 0.000000  
1.430004 5.824677 -16.791337 5.982052 2.740997 -2.556546 0.281909 0.000000  
1.440002 5.673400 -15.129503 6.038779 2.686174 -2.571119 0.250155 0.000000  
1.450001 5.539136 -13.428337 6.094162 2.632266 -2.583818 0.221326 0.000000  
1.460000 5.421430 -11.771225 6.148374 2.579191 -2.594860 0.195100 0.000000  
1.470000 5.319385 -10.204757 6.201566 2.526868 -2.604435 0.171208 0.000000  
1.480004 5.231807 -8.754223 6.253906 2.475187 -2.612713 0.149412 0.000000  
1.490003 5.157380 -7.443695 6.305472 2.424113 -2.619829 0.129540 0.000000  
1.500000 5.007713 -14.970429 6.355537 2.374408 -2.625819 0.111713 0.000000  
1.510002 4.679369 -32.830120 6.402337 2.327859 -2.630656 0.096313 0.000000  
1.520001 4.379154 -30.022824 6.446126 2.284244 -2.634563 0.082976 0.000000  
1.530002 4.108682 -27.045789 6.487215 2.243277 -2.637721 0.071380 0.000000  
1.540005 3.862189 -24.640426 6.525851 2.204726 -2.640276 0.061270 0.000000  
1.550004 3.635386 -22.684181 6.562199 2.168436 -2.642337 0.052450 0.000000  
1.560001 3.424929 -21.051865 6.596438 2.134238 -2.643998 0.044745 0.000000  
1.570006 3.228026 -19.679396 6.628736 2.101967 -2.645332 0.038010 0.000000  
1.580006 3.042632 -18.539023 6.659163 2.071559 -2.646397 0.032136 0.000000  
1.590009 2.867132 -17.545243 6.687842 2.042892 -2.647244 0.027019 0.000000  
1.600005 2.700186 -16.700830 6.714834 2.015909 -2.647913 0.022576 0.000000  
1.610010 2.540656 -15.945349 6.740253 1.990495 -2.648437 0.018726 0.000000  
1.620009 2.387649 -15.303112 6.764125 1.966626 -2.648844 0.015409 0.000000  
1.630010 2.240477 -14.714989 6.786534 1.944220 -2.649157 0.012563 0.000000  
1.640002 2.098550 -14.204450 6.807502 1.923253 -2.649394 0.010139 0.000000  
1.650013 1.961242 -13.715026 6.827137 1.903619 -2.649573 0.008084 0.000000  
1.660007 1.828181 -13.314874 6.845407 1.885350 -2.649704 0.006363 0.000000  
1.670002 1.699114 -12.913240 6.862389 1.868367 -2.649800 0.004933 0.000000  
1.680008 1.573530 -12.550981 6.878134 1.852623 -2.649868 0.003757 0.000000  
1.690000 1.451238 -12.238034 6.892636 1.838121 -2.649916 0.002806 0.000000  
1.700011 1.331937 -11.916916 6.905970 1.824787 -2.649948 0.002046 0.000000  
1.710018 1.215344 -11.652255 6.918130 1.812626 -2.649969 0.001451 0.000000  
1.720012 1.101409 -11.399774 6.929139 1.801618 -2.649983 0.000997 0.000000  
1.730015 0.989838 -11.154190 6.939040 1.791717 -2.649991 0.000658 0.000000  
1.740025 0.880317 -10.941021 6.947852 1.782905 -2.649995 0.000413 0.000000  
1.750007 0.772831 -10.767431 6.955566 1.775191 -2.649998 0.000244 0.000000  
1.760029 0.667000 -10.560418 6.962251 1.768506 -2.649999 0.000133 0.000000  
1.770011 0.562670 -10.451035 6.967868 1.762889 -2.650000 0.000065 0.000000  
1.780049 0.459545 -10.274268 6.972480 1.758277 -2.650000 0.000027 0.000000  
1.790029 0.357493 -10.224987 6.976048 1.754709 -2.650000 0.000009 0.000000  
1.800113 0.256044 -10.060615 6.978630 1.752127 -2.650000 0.000002 0.000000  
1.810119 0.155074 -10.091170 6.980182 1.750575 -2.650000 0.000000 0.000000  
1.820607 0.052452 -9.784573 6.980732 1.750025 -2.650000 0.000000 0.000000  
